 1.000000e+01	 3.347645e-01
 1.027459e+01	 4.225969e-01
 1.055673e+01	 5.128169e-01
 1.084661e+01	 6.209601e-01
 1.114445e+01	 8.192784e-01
 1.145048e+01	 1.037669e+00
 1.176490e+01	 1.301498e+00
 1.208796e+01	 1.589744e+00
 1.241989e+01	 1.917458e+00
 1.276093e+01	 2.271995e+00
 1.311134e+01	 2.634282e+00
 1.347137e+01	 3.002783e+00
 1.384129e+01	 3.376080e+00
 1.422136e+01	 3.752866e+00
 1.461187e+01	 4.131933e+00
 1.501311e+01	 4.512170e+00
 1.542536e+01	 4.892550e+00
 1.584893e+01	 5.304639e+00
 1.628414e+01	 5.774115e+00
 1.673129e+01	 6.286207e+00
 1.719072e+01	 6.801500e+00
 1.766277e+01	 7.318358e+00
 1.814778e+01	 7.853081e+00
 1.864611e+01	 8.419617e+00
 1.915812e+01	 8.988134e+00
 1.968419e+01	 9.555272e+00
 2.022471e+01	 1.011958e+01
 2.078007e+01	 1.067975e+01
 2.135068e+01	 1.123454e+01
 2.193696e+01	 1.178285e+01
 2.253934e+01	 1.232365e+01
 2.315826e+01	 1.285603e+01
 2.379417e+01	 1.337913e+01
 2.444755e+01	 1.389219e+01
 2.511886e+01	 1.440382e+01
 2.580862e+01	 1.490967e+01
 2.651731e+01	 1.540431e+01
 2.724546e+01	 1.589803e+01
 2.799360e+01	 1.638164e+01
 2.876229e+01	 1.685296e+01
 2.955209e+01	 1.732518e+01
 3.036358e+01	 1.779258e+01
 3.119735e+01	 1.824733e+01
 3.205401e+01	 1.868889e+01
 3.293420e+01	 1.911678e+01
 3.383855e+01	 1.953060e+01
 3.476774e+01	 1.992996e+01
 3.572245e+01	 2.031457e+01
 3.670336e+01	 2.068414e+01
 3.771122e+01	 2.103845e+01
 3.874675e+01	 2.137732e+01
 3.981072e+01	 2.170061e+01
 4.090390e+01	 2.200821e+01
 4.202710e+01	 2.230003e+01
 4.318114e+01	 2.257605e+01
 4.436687e+01	 2.283625e+01
 4.558516e+01	 2.308064e+01
 4.683691e+01	 2.330927e+01
 4.812303e+01	 2.352221e+01
 4.944446e+01	 2.371954e+01
 5.080218e+01	 2.390138e+01
 5.219718e+01	 2.406786e+01
 5.363049e+01	 2.421914e+01
 5.510316e+01	 2.435539e+01
 5.661626e+01	 2.447679e+01
 5.817091e+01	 2.458355e+01
 5.976826e+01	 2.467588e+01
 6.140946e+01	 2.475402e+01
 6.309573e+01	 2.481822e+01
 6.482831e+01	 2.486872e+01
 6.660846e+01	 2.490579e+01
 6.843750e+01	 2.492972e+01
 7.031676e+01	 2.494078e+01
 7.224762e+01	 2.493927e+01
 7.423150e+01	 2.492549e+01
 7.626986e+01	 2.489975e+01
 7.836419e+01	 2.486235e+01
 8.051603e+01	 2.481363e+01
 8.272696e+01	 2.475390e+01
 8.499860e+01	 2.468349e+01
 8.733262e+01	 2.460273e+01
 8.973072e+01	 2.451194e+01
 9.219468e+01	 2.441147e+01
 9.472630e+01	 2.430165e+01
 9.732744e+01	 2.418281e+01
 1.000000e+02	 2.405529e+01
 1.027459e+02	 2.391943e+01
 1.055673e+02	 2.377555e+01
 1.084661e+02	 2.362400e+01
 1.114445e+02	 2.346510e+01
 1.145048e+02	 2.329919e+01
 1.176490e+02	 2.312658e+01
 1.208796e+02	 2.294760e+01
 1.241989e+02	 2.276258e+01
 1.276093e+02	 2.257182e+01
 1.311134e+02	 2.237564e+01
 1.347137e+02	 2.217434e+01
 1.384129e+02	 2.196824e+01
 1.422136e+02	 2.175761e+01
 1.461187e+02	 2.154277e+01
 1.501311e+02	 2.132398e+01
 1.542536e+02	 2.110154e+01
 1.584893e+02	 2.087572e+01
 1.628414e+02	 2.064679e+01
 1.673129e+02	 2.041500e+01
 1.719072e+02	 2.018063e+01
 1.766277e+02	 1.994390e+01
 1.814778e+02	 1.970508e+01
 1.864611e+02	 1.946439e+01
 1.915812e+02	 1.922207e+01
 1.968419e+02	 1.897833e+01
 2.022471e+02	 1.873340e+01
 2.078007e+02	 1.848748e+01
 2.135068e+02	 1.824077e+01
 2.193696e+02	 1.799348e+01
 2.253934e+02	 1.774578e+01
 2.315826e+02	 1.749787e+01
 2.379417e+02	 1.724991e+01
 2.444755e+02	 1.700208e+01
 2.511886e+02	 1.675454e+01
 2.580862e+02	 1.650744e+01
 2.651731e+02	 1.626093e+01
 2.724546e+02	 1.601515e+01
 2.799360e+02	 1.577025e+01
 2.876229e+02	 1.552634e+01
 2.955209e+02	 1.528355e+01
 3.036358e+02	 1.504201e+01
 3.119735e+02	 1.480227e+01
 3.205401e+02	 1.456417e+01
 3.293420e+02	 1.432766e+01
 3.383855e+02	 1.409283e+01
 3.476774e+02	 1.385977e+01
 3.572245e+02	 1.362854e+01
 3.670336e+02	 1.339924e+01
 3.771122e+02	 1.317193e+01
 3.874675e+02	 1.294667e+01
 3.981072e+02	 1.272353e+01
 4.090390e+02	 1.250257e+01
 4.202710e+02	 1.228384e+01
 4.318114e+02	 1.206738e+01
 4.436687e+02	 1.185325e+01
 4.558516e+02	 1.164148e+01
 4.683691e+02	 1.143211e+01
 4.812303e+02	 1.122518e+01
 4.944446e+02	 1.102071e+01
 5.080218e+02	 1.081874e+01
 5.219718e+02	 1.061929e+01
 5.363049e+02	 1.042238e+01
 5.510316e+02	 1.022802e+01
 5.661626e+02	 1.003623e+01
 5.817091e+02	 9.847027e+00
 5.976826e+02	 9.660418e+00
 6.140946e+02	 9.476411e+00
 6.309573e+02	 9.295009e+00
 6.482831e+02	 9.116215e+00
 6.660846e+02	 8.940030e+00
 6.843750e+02	 8.766453e+00
 7.031676e+02	 8.595479e+00
 7.224762e+02	 8.427102e+00
 7.423150e+02	 8.261317e+00
 7.626986e+02	 8.098113e+00
 7.836419e+02	 7.937481e+00
 8.051603e+02	 7.779407e+00
 8.272696e+02	 7.623879e+00
 8.499860e+02	 7.470882e+00
 8.733262e+02	 7.320400e+00
 8.973072e+02	 7.172415e+00
 9.219468e+02	 7.026909e+00
 9.472630e+02	 6.883862e+00
 9.732744e+02	 6.743255e+00
 1.000000e+03	 6.605066e+00
 1.027459e+03	 6.469274e+00
 1.055673e+03	 6.335854e+00
 1.084661e+03	 6.204784e+00
 1.114445e+03	 6.076040e+00
 1.145048e+03	 5.949597e+00
 1.176490e+03	 5.825429e+00
 1.208796e+03	 5.703511e+00
 1.241989e+03	 5.583817e+00
 1.276093e+03	 5.466319e+00
 1.311134e+03	 5.350992e+00
 1.347137e+03	 5.237807e+00
 1.384129e+03	 5.126738e+00
 1.422136e+03	 5.017756e+00
 1.461187e+03	 4.910833e+00
 1.501311e+03	 4.805943e+00
 1.542536e+03	 4.703055e+00
 1.584893e+03	 4.602143e+00
 1.628414e+03	 4.503177e+00
 1.673129e+03	 4.406129e+00
 1.719072e+03	 4.310971e+00
 1.766277e+03	 4.217675e+00
 1.814778e+03	 4.126211e+00
 1.864611e+03	 4.036553e+00
 1.915812e+03	 3.948671e+00
 1.968419e+03	 3.862537e+00
 2.022471e+03	 3.778125e+00
 2.078007e+03	 3.695404e+00
 2.135068e+03	 3.614349e+00
 2.193696e+03	 3.534932e+00
 2.253934e+03	 3.457124e+00
 2.315826e+03	 3.380900e+00
 2.379417e+03	 3.306232e+00
 2.444755e+03	 3.233094e+00
 2.511886e+03	 3.161458e+00
 2.580862e+03	 3.091300e+00
 2.651731e+03	 3.022592e+00
 2.724546e+03	 2.955310e+00
 2.799360e+03	 2.889427e+00
 2.876229e+03	 2.824919e+00
 2.955209e+03	 2.761761e+00
 3.036358e+03	 2.699928e+00
 3.119735e+03	 2.639395e+00
 3.205401e+03	 2.580140e+00
 3.293420e+03	 2.522138e+00
 3.383855e+03	 2.465365e+00
 3.476774e+03	 2.409799e+00
 3.572245e+03	 2.355417e+00
 3.670336e+03	 2.302196e+00
 3.771122e+03	 2.250114e+00
 3.874675e+03	 2.199150e+00
 3.981072e+03	 2.149281e+00
 4.090390e+03	 2.100487e+00
 4.202710e+03	 2.052747e+00
 4.318114e+03	 2.006039e+00
 4.436687e+03	 1.960344e+00
 4.558516e+03	 1.915642e+00
 4.683691e+03	 1.871912e+00
 4.812303e+03	 1.829137e+00
 4.944446e+03	 1.787296e+00
 5.080218e+03	 1.746371e+00
 5.219718e+03	 1.706343e+00
 5.363049e+03	 1.667194e+00
 5.510316e+03	 1.628907e+00
 5.661626e+03	 1.591464e+00
 5.817091e+03	 1.554847e+00
 5.976826e+03	 1.519041e+00
 6.140946e+03	 1.484027e+00
 6.309573e+03	 1.449790e+00
 6.482831e+03	 1.416314e+00
 6.660846e+03	 1.383582e+00
 6.843750e+03	 1.351580e+00
 7.031676e+03	 1.320292e+00
 7.224762e+03	 1.289704e+00
 7.423150e+03	 1.259800e+00
 7.626986e+03	 1.230566e+00
 7.836419e+03	 1.201988e+00
 8.051603e+03	 1.174052e+00
 8.272696e+03	 1.146745e+00
 8.499860e+03	 1.120052e+00
 8.733262e+03	 1.093962e+00
 8.973072e+03	 1.068461e+00
 9.219468e+03	 1.043537e+00
 9.472630e+03	 1.019177e+00
 9.732744e+03	 9.953687e-01
 1.000000e+04	 9.721008e-01
