 1.000000e+01	 8.050369e-02
 1.027459e+01	 1.489752e-01
 1.055673e+01	 2.207239e-01
 1.084661e+01	 3.050101e-01
 1.114445e+01	 4.470902e-01
 1.145048e+01	 6.500867e-01
 1.176490e+01	 8.612361e-01
 1.208796e+01	 1.079328e+00
 1.241989e+01	 1.303245e+00
 1.276093e+01	 1.531954e+00
 1.311134e+01	 1.764501e+00
 1.347137e+01	 2.000005e+00
 1.384129e+01	 2.237655e+00
 1.422136e+01	 2.476702e+00
 1.461187e+01	 2.716454e+00
 1.501311e+01	 2.973751e+00
 1.542536e+01	 3.266354e+00
 1.584893e+01	 3.588776e+00
 1.628414e+01	 3.949328e+00
 1.673129e+01	 4.334469e+00
 1.719072e+01	 4.722986e+00
 1.766277e+01	 5.113552e+00
 1.814778e+01	 5.504950e+00
 1.864611e+01	 5.898848e+00
 1.915812e+01	 6.313698e+00
 1.968419e+01	 6.727657e+00
 2.022471e+01	 7.139658e+00
 2.078007e+01	 7.548722e+00
 2.135068e+01	 7.953953e+00
 2.193696e+01	 8.369521e+00
 2.253934e+01	 8.785225e+00
 2.315826e+01	 9.195806e+00
 2.379417e+01	 9.600489e+00
 2.444755e+01	 9.998569e+00
 2.511886e+01	 1.038940e+01
 2.580862e+01	 1.077241e+01
 2.651731e+01	 1.114707e+01
 2.724546e+01	 1.151290e+01
 2.799360e+01	 1.187029e+01
 2.876229e+01	 1.222903e+01
 2.955209e+01	 1.258818e+01
 3.036358e+01	 1.293948e+01
 3.119735e+01	 1.328123e+01
 3.205401e+01	 1.361303e+01
 3.293420e+01	 1.393454e+01
 3.383855e+01	 1.424546e+01
 3.476774e+01	 1.454551e+01
 3.572245e+01	 1.483447e+01
 3.670336e+01	 1.511214e+01
 3.771122e+01	 1.537837e+01
 3.874675e+01	 1.563301e+01
 3.981072e+01	 1.587597e+01
 4.090390e+01	 1.610717e+01
 4.202710e+01	 1.632656e+01
 4.318114e+01	 1.653411e+01
 4.436687e+01	 1.672983e+01
 4.558516e+01	 1.691371e+01
 4.683691e+01	 1.708581e+01
 4.812303e+01	 1.724617e+01
 4.944446e+01	 1.739487e+01
 5.080218e+01	 1.753199e+01
 5.219718e+01	 1.765763e+01
 5.363049e+01	 1.777192e+01
 5.510316e+01	 1.787499e+01
 5.661626e+01	 1.796697e+01
 5.817091e+01	 1.804802e+01
 5.976826e+01	 1.811831e+01
 6.140946e+01	 1.817800e+01
 6.309573e+01	 1.822730e+01
 6.482831e+01	 1.826638e+01
 6.660846e+01	 1.829545e+01
 6.843750e+01	 1.831472e+01
 7.031676e+01	 1.832440e+01
 7.224762e+01	 1.832471e+01
 7.423150e+01	 1.831588e+01
 7.626986e+01	 1.829815e+01
 7.836419e+01	 1.827173e+01
 8.051603e+01	 1.823689e+01
 8.272696e+01	 1.819384e+01
 8.499860e+01	 1.814285e+01
 8.733262e+01	 1.808416e+01
 8.973072e+01	 1.801801e+01
 9.219468e+01	 1.794466e+01
 9.472630e+01	 1.786436e+01
 9.732744e+01	 1.777736e+01
 1.000000e+02	 1.768390e+01
 1.027459e+02	 1.758425e+01
 1.055673e+02	 1.747864e+01
 1.084661e+02	 1.736733e+01
 1.114445e+02	 1.725057e+01
 1.145048e+02	 1.712860e+01
 1.176490e+02	 1.700167e+01
 1.208796e+02	 1.687001e+01
 1.241989e+02	 1.673387e+01
 1.276093e+02	 1.659348e+01
 1.311134e+02	 1.644907e+01
 1.347137e+02	 1.630087e+01
 1.384129e+02	 1.614911e+01
 1.422136e+02	 1.599400e+01
 1.461187e+02	 1.583577e+01
 1.501311e+02	 1.567463e+01
 1.542536e+02	 1.551078e+01
 1.584893e+02	 1.534443e+01
 1.628414e+02	 1.517579e+01
 1.673129e+02	 1.500504e+01
 1.719072e+02	 1.483238e+01
 1.766277e+02	 1.465799e+01
 1.814778e+02	 1.448206e+01
 1.864611e+02	 1.430475e+01
 1.915812e+02	 1.412623e+01
 1.968419e+02	 1.394669e+01
 2.022471e+02	 1.376626e+01
 2.078007e+02	 1.358512e+01
 2.135068e+02	 1.340340e+01
 2.193696e+02	 1.322125e+01
 2.253934e+02	 1.303882e+01
 2.315826e+02	 1.285624e+01
 2.379417e+02	 1.267363e+01
 2.444755e+02	 1.249113e+01
 2.511886e+02	 1.230884e+01
 2.580862e+02	 1.212690e+01
 2.651731e+02	 1.194539e+01
 2.724546e+02	 1.176444e+01
 2.799360e+02	 1.158414e+01
 2.876229e+02	 1.140459e+01
 2.955209e+02	 1.122587e+01
 3.036358e+02	 1.104808e+01
 3.119735e+02	 1.087161e+01
 3.205401e+02	 1.069633e+01
 3.293420e+02	 1.052223e+01
 3.383855e+02	 1.034938e+01
 3.476774e+02	 1.017784e+01
 3.572245e+02	 1.000766e+01
 3.670336e+02	 9.838905e+00
 3.771122e+02	 9.671624e+00
 3.874675e+02	 9.505867e+00
 3.981072e+02	 9.341678e+00
 4.090390e+02	 9.179100e+00
 4.202710e+02	 9.018172e+00
 4.318114e+02	 8.858930e+00
 4.436687e+02	 8.701406e+00
 4.558516e+02	 8.545631e+00
 4.683691e+02	 8.391633e+00
 4.812303e+02	 8.239436e+00
 4.944446e+02	 8.089063e+00
 5.080218e+02	 7.940533e+00
 5.219718e+02	 7.793863e+00
 5.363049e+02	 7.649070e+00
 5.510316e+02	 7.506165e+00
 5.661626e+02	 7.365159e+00
 5.817091e+02	 7.226062e+00
 5.976826e+02	 7.088880e+00
 6.140946e+02	 6.953619e+00
 6.309573e+02	 6.820281e+00
 6.482831e+02	 6.688868e+00
 6.660846e+02	 6.559380e+00
 6.843750e+02	 6.431816e+00
 7.031676e+02	 6.306173e+00
 7.224762e+02	 6.182445e+00
 7.423150e+02	 6.060629e+00
 7.626986e+02	 5.940716e+00
 7.836419e+02	 5.822699e+00
 8.051603e+02	 5.706568e+00
 8.272696e+02	 5.592314e+00
 8.499860e+02	 5.479925e+00
 8.733262e+02	 5.369389e+00
 8.973072e+02	 5.260693e+00
 9.219468e+02	 5.153823e+00
 9.472630e+02	 5.048766e+00
 9.732744e+02	 4.945505e+00
 1.000000e+03	 4.844025e+00
 1.027459e+03	 4.744310e+00
 1.055673e+03	 4.646342e+00
 1.084661e+03	 4.550104e+00
 1.114445e+03	 4.455578e+00
 1.145048e+03	 4.362746e+00
 1.176490e+03	 4.271589e+00
 1.208796e+03	 4.182087e+00
 1.241989e+03	 4.094222e+00
 1.276093e+03	 4.007973e+00
 1.311134e+03	 3.923321e+00
 1.347137e+03	 3.840245e+00
 1.384129e+03	 3.758725e+00
 1.422136e+03	 3.678741e+00
 1.461187e+03	 3.600272e+00
 1.501311e+03	 3.523296e+00
 1.542536e+03	 3.447794e+00
 1.584893e+03	 3.373744e+00
 1.628414e+03	 3.301125e+00
 1.673129e+03	 3.229916e+00
 1.719072e+03	 3.160097e+00
 1.766277e+03	 3.091646e+00
 1.814778e+03	 3.024542e+00
 1.864611e+03	 2.958765e+00
 1.915812e+03	 2.894294e+00
 1.968419e+03	 2.831107e+00
 2.022471e+03	 2.769185e+00
 2.078007e+03	 2.708507e+00
 2.135068e+03	 2.649052e+00
 2.193696e+03	 2.590800e+00
 2.253934e+03	 2.533730e+00
 2.315826e+03	 2.477824e+00
 2.379417e+03	 2.423061e+00
 2.444755e+03	 2.369422e+00
 2.511886e+03	 2.316886e+00
 2.580862e+03	 2.265435e+00
 2.651731e+03	 2.215049e+00
 2.724546e+03	 2.165710e+00
 2.799360e+03	 2.117399e+00
 2.876229e+03	 2.070097e+00
 2.955209e+03	 2.023786e+00
 3.036358e+03	 1.978448e+00
 3.119735e+03	 1.934065e+00
 3.205401e+03	 1.890619e+00
 3.293420e+03	 1.848094e+00
 3.383855e+03	 1.806470e+00
 3.476774e+03	 1.765733e+00
 3.572245e+03	 1.725864e+00
 3.670336e+03	 1.686848e+00
 3.771122e+03	 1.648667e+00
 3.874675e+03	 1.611307e+00
 3.981072e+03	 1.574750e+00
 4.090390e+03	 1.538982e+00
 4.202710e+03	 1.503987e+00
 4.318114e+03	 1.469750e+00
 4.436687e+03	 1.436256e+00
 4.558516e+03	 1.403491e+00
 4.683691e+03	 1.371439e+00
 4.812303e+03	 1.340087e+00
 4.944446e+03	 1.309420e+00
 5.080218e+03	 1.279425e+00
 5.219718e+03	 1.250088e+00
 5.363049e+03	 1.221397e+00
 5.510316e+03	 1.193337e+00
 5.661626e+03	 1.165896e+00
 5.817091e+03	 1.139061e+00
 5.976826e+03	 1.112820e+00
 6.140946e+03	 1.087161e+00
 6.309573e+03	 1.062072e+00
 6.482831e+03	 1.037540e+00
 6.660846e+03	 1.013555e+00
 6.843750e+03	 9.901039e-01
 7.031676e+03	 9.671769e-01
 7.224762e+03	 9.447626e-01
 7.423150e+03	 9.228503e-01
 7.626986e+03	 9.014292e-01
 7.836419e+03	 8.804892e-01
 8.051603e+03	 8.600199e-01
 8.272696e+03	 8.400114e-01
 8.499860e+03	 8.204538e-01
 8.733262e+03	 8.013377e-01
 8.973072e+03	 7.826534e-01
 9.219468e+03	 7.643918e-01
 9.472630e+03	 7.465438e-01
 9.732744e+03	 7.291005e-01
 1.000000e+04	 7.120532e-01
