 1.000000e+01	 0.000000e+00
 1.027459e+01	 4.644910e-02
 1.055673e+01	 1.332262e-01
 1.084661e+01	 2.249967e-01
 1.114445e+01	 3.324698e-01
 1.145048e+01	 5.412519e-01
 1.176490e+01	 7.597534e-01
 1.208796e+01	 9.866865e-01
 1.241989e+01	 1.220860e+00
 1.276093e+01	 1.461172e+00
 1.311134e+01	 1.706603e+00
 1.347137e+01	 1.956212e+00
 1.384129e+01	 2.209128e+00
 1.422136e+01	 2.518388e+00
 1.461187e+01	 2.919005e+00
 1.501311e+01	 3.340235e+00
 1.542536e+01	 3.813654e+00
 1.584893e+01	 4.296016e+00
 1.628414e+01	 4.785458e+00
 1.673129e+01	 5.365274e+00
 1.719072e+01	 5.975868e+00
 1.766277e+01	 6.594365e+00
 1.814778e+01	 7.218631e+00
 1.864611e+01	 7.846691e+00
 1.915812e+01	 8.476725e+00
 1.968419e+01	 9.107056e+00
 2.022471e+01	 9.736137e+00
 2.078007e+01	 1.036254e+01
 2.135068e+01	 1.098496e+01
 2.193696e+01	 1.162883e+01
 2.253934e+01	 1.228023e+01
 2.315826e+01	 1.292625e+01
 2.379417e+01	 1.356564e+01
 2.444755e+01	 1.420660e+01
 2.511886e+01	 1.485897e+01
 2.580862e+01	 1.550315e+01
 2.651731e+01	 1.613805e+01
 2.724546e+01	 1.676266e+01
 2.799360e+01	 1.737606e+01
 2.876229e+01	 1.797743e+01
 2.955209e+01	 1.856600e+01
 3.036358e+01	 1.915661e+01
 3.119735e+01	 1.973993e+01
 3.205401e+01	 2.030962e+01
 3.293420e+01	 2.086503e+01
 3.383855e+01	 2.140554e+01
 3.476774e+01	 2.193063e+01
 3.572245e+01	 2.243981e+01
 3.670336e+01	 2.293266e+01
 3.771122e+01	 2.340881e+01
 3.874675e+01	 2.387800e+01
 3.981072e+01	 2.433201e+01
 4.090390e+01	 2.476907e+01
 4.202710e+01	 2.518889e+01
 4.318114e+01	 2.559123e+01
 4.436687e+01	 2.597591e+01
 4.558516e+01	 2.634278e+01
 4.683691e+01	 2.669171e+01
 4.812303e+01	 2.702263e+01
 4.944446e+01	 2.733549e+01
 5.080218e+01	 2.763028e+01
 5.219718e+01	 2.790701e+01
 5.363049e+01	 2.816574e+01
 5.510316e+01	 2.840652e+01
 5.661626e+01	 2.862945e+01
 5.817091e+01	 2.883466e+01
 5.976826e+01	 2.902229e+01
 6.140946e+01	 2.919249e+01
 6.309573e+01	 2.934545e+01
 6.482831e+01	 2.948137e+01
 6.660846e+01	 2.960047e+01
 6.843750e+01	 2.970299e+01
 7.031676e+01	 2.978918e+01
 7.224762e+01	 2.985930e+01
 7.423150e+01	 2.991363e+01
 7.626986e+01	 2.995246e+01
 7.836419e+01	 2.997610e+01
 8.051603e+01	 2.998486e+01
 8.272696e+01	 2.997906e+01
 8.499860e+01	 2.995903e+01
 8.733262e+01	 2.992513e+01
 8.973072e+01	 2.987768e+01
 9.219468e+01	 2.981706e+01
 9.472630e+01	 2.974362e+01
 9.732744e+01	 2.965772e+01
 1.000000e+02	 2.955973e+01
 1.027459e+02	 2.945003e+01
 1.055673e+02	 2.932900e+01
 1.084661e+02	 2.919701e+01
 1.114445e+02	 2.905444e+01
 1.145048e+02	 2.890168e+01
 1.176490e+02	 2.873910e+01
 1.208796e+02	 2.856709e+01
 1.241989e+02	 2.838602e+01
 1.276093e+02	 2.819628e+01
 1.311134e+02	 2.799825e+01
 1.347137e+02	 2.779229e+01
 1.384129e+02	 2.757878e+01
 1.422136e+02	 2.735809e+01
 1.461187e+02	 2.713058e+01
 1.501311e+02	 2.689661e+01
 1.542536e+02	 2.665655e+01
 1.584893e+02	 2.641074e+01
 1.628414e+02	 2.615952e+01
 1.673129e+02	 2.590324e+01
 1.719072e+02	 2.564224e+01
 1.766277e+02	 2.537684e+01
 1.814778e+02	 2.510735e+01
 1.864611e+02	 2.483411e+01
 1.915812e+02	 2.455741e+01
 1.968419e+02	 2.427757e+01
 2.022471e+02	 2.399486e+01
 2.078007e+02	 2.370959e+01
 2.135068e+02	 2.342202e+01
 2.193696e+02	 2.313244e+01
 2.253934e+02	 2.284110e+01
 2.315826e+02	 2.254827e+01
 2.379417e+02	 2.225419e+01
 2.444755e+02	 2.195910e+01
 2.511886e+02	 2.166323e+01
 2.580862e+02	 2.136682e+01
 2.651731e+02	 2.107008e+01
 2.724546e+02	 2.077322e+01
 2.799360e+02	 2.047644e+01
 2.876229e+02	 2.017993e+01
 2.955209e+02	 1.988389e+01
 3.036358e+02	 1.958849e+01
 3.119735e+02	 1.929425e+01
 3.205401e+02	 1.900126e+01
 3.293420e+02	 1.870944e+01
 3.383855e+02	 1.841893e+01
 3.476774e+02	 1.812987e+01
 3.572245e+02	 1.784238e+01
 3.670336e+02	 1.755660e+01
 3.771122e+02	 1.727265e+01
 3.874675e+02	 1.699063e+01
 3.981072e+02	 1.671065e+01
 4.090390e+02	 1.643282e+01
 4.202710e+02	 1.615723e+01
 4.318114e+02	 1.588396e+01
 4.436687e+02	 1.561310e+01
 4.558516e+02	 1.534473e+01
 4.683691e+02	 1.507891e+01
 4.812303e+02	 1.481573e+01
 4.944446e+02	 1.455523e+01
 5.080218e+02	 1.429748e+01
 5.219718e+02	 1.404253e+01
 5.363049e+02	 1.379042e+01
 5.510316e+02	 1.354121e+01
 5.661626e+02	 1.329495e+01
 5.817091e+02	 1.305170e+01
 5.976826e+02	 1.281144e+01
 6.140946e+02	 1.257421e+01
 6.309573e+02	 1.234003e+01
 6.482831e+02	 1.210892e+01
 6.660846e+02	 1.188090e+01
 6.843750e+02	 1.165598e+01
 7.031676e+02	 1.143417e+01
 7.224762e+02	 1.121547e+01
 7.423150e+02	 1.099990e+01
 7.626986e+02	 1.078746e+01
 7.836419e+02	 1.057814e+01
 8.051603e+02	 1.037193e+01
 8.272696e+02	 1.016885e+01
 8.499860e+02	 9.968872e+00
 8.733262e+02	 9.771993e+00
 8.973072e+02	 9.578202e+00
 9.219468e+02	 9.387483e+00
 9.472630e+02	 9.199823e+00
 9.732744e+02	 9.015204e+00
 1.000000e+03	 8.833609e+00
 1.027459e+03	 8.655016e+00
 1.055673e+03	 8.479406e+00
 1.084661e+03	 8.306754e+00
 1.114445e+03	 8.137039e+00
 1.145048e+03	 7.970234e+00
 1.176490e+03	 7.806314e+00
 1.208796e+03	 7.645252e+00
 1.241989e+03	 7.487021e+00
 1.276093e+03	 7.331592e+00
 1.311134e+03	 7.178935e+00
 1.347137e+03	 7.029021e+00
 1.384129e+03	 6.881819e+00
 1.422136e+03	 6.737298e+00
 1.461187e+03	 6.595426e+00
 1.501311e+03	 6.456172e+00
 1.542536e+03	 6.319503e+00
 1.584893e+03	 6.185385e+00
 1.628414e+03	 6.053786e+00
 1.673129e+03	 5.924673e+00
 1.719072e+03	 5.798011e+00
 1.766277e+03	 5.673768e+00
 1.814778e+03	 5.551909e+00
 1.864611e+03	 5.432399e+00
 1.915812e+03	 5.315206e+00
 1.968419e+03	 5.200296e+00
 2.022471e+03	 5.087633e+00
 2.078007e+03	 4.977184e+00
 2.135068e+03	 4.868914e+00
 2.193696e+03	 4.762791e+00
 2.253934e+03	 4.658780e+00
 2.315826e+03	 4.556848e+00
 2.379417e+03	 4.456961e+00
 2.444755e+03	 4.359085e+00
 2.511886e+03	 4.263189e+00
 2.580862e+03	 4.169237e+00
 2.651731e+03	 4.077199e+00
 2.724546e+03	 3.987042e+00
 2.799360e+03	 3.898733e+00
 2.876229e+03	 3.812240e+00
 2.955209e+03	 3.727532e+00
 3.036358e+03	 3.644578e+00
 3.119735e+03	 3.563346e+00
 3.205401e+03	 3.483806e+00
 3.293420e+03	 3.405927e+00
 3.383855e+03	 3.329680e+00
 3.476774e+03	 3.255035e+00
 3.572245e+03	 3.181961e+00
 3.670336e+03	 3.110431e+00
 3.771122e+03	 3.040416e+00
 3.874675e+03	 2.971887e+00
 3.981072e+03	 2.904816e+00
 4.090390e+03	 2.839176e+00
 4.202710e+03	 2.774940e+00
 4.318114e+03	 2.712080e+00
 4.436687e+03	 2.650571e+00
 4.558516e+03	 2.590387e+00
 4.683691e+03	 2.531501e+00
 4.812303e+03	 2.473888e+00
 4.944446e+03	 2.417523e+00
 5.080218e+03	 2.362383e+00
 5.219718e+03	 2.308442e+00
 5.363049e+03	 2.255677e+00
 5.510316e+03	 2.204064e+00
 5.661626e+03	 2.153581e+00
 5.817091e+03	 2.104204e+00
 5.976826e+03	 2.055912e+00
 6.140946e+03	 2.008682e+00
 6.309573e+03	 1.962493e+00
 6.482831e+03	 1.917323e+00
 6.660846e+03	 1.873153e+00
 6.843750e+03	 1.829960e+00
 7.031676e+03	 1.787726e+00
 7.224762e+03	 1.746430e+00
 7.423150e+03	 1.706053e+00
 7.626986e+03	 1.666576e+00
 7.836419e+03	 1.627980e+00
 8.051603e+03	 1.590246e+00
 8.272696e+03	 1.553357e+00
 8.499860e+03	 1.517295e+00
 8.733262e+03	 1.482043e+00
 8.973072e+03	 1.447582e+00
 9.219468e+03	 1.413897e+00
 9.472630e+03	 1.380971e+00
 9.732744e+03	 1.348788e+00
 1.000000e+04	 1.317332e+00
