 1.000000e+01	 0.000000e+00
 1.027459e+01	 0.000000e+00
 1.055673e+01	 2.852938e-02
 1.084661e+01	 1.449399e-01
 1.114445e+01	 2.680240e-01
 1.145048e+01	 3.969231e-01
 1.176490e+01	 5.308427e-01
 1.208796e+01	 6.690483e-01
 1.241989e+01	 8.210840e-01
 1.276093e+01	 1.050922e+00
 1.311134e+01	 1.288135e+00
 1.347137e+01	 1.581426e+00
 1.384129e+01	 2.045584e+00
 1.422136e+01	 2.540987e+00
 1.461187e+01	 3.083778e+00
 1.501311e+01	 3.673798e+00
 1.542536e+01	 4.280374e+00
 1.584893e+01	 4.970029e+00
 1.628414e+01	 5.699402e+00
 1.673129e+01	 6.476025e+00
 1.719072e+01	 7.263282e+00
 1.766277e+01	 8.058296e+00
 1.814778e+01	 8.861679e+00
 1.864611e+01	 9.716625e+00
 1.915812e+01	 1.057488e+01
 1.968419e+01	 1.143395e+01
 2.022471e+01	 1.229156e+01
 2.078007e+01	 1.314560e+01
 2.135068e+01	 1.399413e+01
 2.193696e+01	 1.483539e+01
 2.253934e+01	 1.566774e+01
 2.315826e+01	 1.651213e+01
 2.379417e+01	 1.735732e+01
 2.444755e+01	 1.819121e+01
 2.511886e+01	 1.901240e+01
 2.580862e+01	 1.981964e+01
 2.651731e+01	 2.061176e+01
 2.724546e+01	 2.139168e+01
 2.799360e+01	 2.217643e+01
 2.876229e+01	 2.294457e+01
 2.955209e+01	 2.369513e+01
 3.036358e+01	 2.442723e+01
 3.119735e+01	 2.515697e+01
 3.205401e+01	 2.587149e+01
 3.293420e+01	 2.656640e+01
 3.383855e+01	 2.725571e+01
 3.476774e+01	 2.792602e+01
 3.572245e+01	 2.857560e+01
 3.670336e+01	 2.920383e+01
 3.771122e+01	 2.981019e+01
 3.874675e+01	 3.039423e+01
 3.981072e+01	 3.095557e+01
 4.090390e+01	 3.149388e+01
 4.202710e+01	 3.200889e+01
 4.318114e+01	 3.250040e+01
 4.436687e+01	 3.296827e+01
 4.558516e+01	 3.341237e+01
 4.683691e+01	 3.383265e+01
 4.812303e+01	 3.422910e+01
 4.944446e+01	 3.460174e+01
 5.080218e+01	 3.495064e+01
 5.219718e+01	 3.527590e+01
 5.363049e+01	 3.557766e+01
 5.510316e+01	 3.585607e+01
 5.661626e+01	 3.611135e+01
 5.817091e+01	 3.634371e+01
 5.976826e+01	 3.655342e+01
 6.140946e+01	 3.674074e+01
 6.309573e+01	 3.690598e+01
 6.482831e+01	 3.704947e+01
 6.660846e+01	 3.717155e+01
 6.843750e+01	 3.727257e+01
 7.031676e+01	 3.735293e+01
 7.224762e+01	 3.741301e+01
 7.423150e+01	 3.745323e+01
 7.626986e+01	 3.747402e+01
 7.836419e+01	 3.747580e+01
 8.051603e+01	 3.745904e+01
 8.272696e+01	 3.742419e+01
 8.499860e+01	 3.737171e+01
 8.733262e+01	 3.730209e+01
 8.973072e+01	 3.721581e+01
 9.219468e+01	 3.711335e+01
 9.472630e+01	 3.699521e+01
 9.732744e+01	 3.686188e+01
 1.000000e+02	 3.671388e+01
 1.027459e+02	 3.655169e+01
 1.055673e+02	 3.637583e+01
 1.084661e+02	 3.618679e+01
 1.114445e+02	 3.598509e+01
 1.145048e+02	 3.577122e+01
 1.176490e+02	 3.554570e+01
 1.208796e+02	 3.530900e+01
 1.241989e+02	 3.506164e+01
 1.276093e+02	 3.480410e+01
 1.311134e+02	 3.453687e+01
 1.347137e+02	 3.426044e+01
 1.384129e+02	 3.397527e+01
 1.422136e+02	 3.368184e+01
 1.461187e+02	 3.338062e+01
 1.501311e+02	 3.307205e+01
 1.542536e+02	 3.275660e+01
 1.584893e+02	 3.243469e+01
 1.628414e+02	 3.210677e+01
 1.673129e+02	 3.177326e+01
 1.719072e+02	 3.143458e+01
 1.766277e+02	 3.109112e+01
 1.814778e+02	 3.074330e+01
 1.864611e+02	 3.039149e+01
 1.915812e+02	 3.003608e+01
 1.968419e+02	 2.967743e+01
 2.022471e+02	 2.931591e+01
 2.078007e+02	 2.895186e+01
 2.135068e+02	 2.858562e+01
 2.193696e+02	 2.821752e+01
 2.253934e+02	 2.784787e+01
 2.315826e+02	 2.747698e+01
 2.379417e+02	 2.710515e+01
 2.444755e+02	 2.673267e+01
 2.511886e+02	 2.635981e+01
 2.580862e+02	 2.598684e+01
 2.651731e+02	 2.561402e+01
 2.724546e+02	 2.524158e+01
 2.799360e+02	 2.486977e+01
 2.876229e+02	 2.449882e+01
 2.955209e+02	 2.412893e+01
 3.036358e+02	 2.376032e+01
 3.119735e+02	 2.339368e+01
 3.205401e+02	 2.302903e+01
 3.293420e+02	 2.266627e+01
 3.383855e+02	 2.230556e+01
 3.476774e+02	 2.194704e+01
 3.572245e+02	 2.159087e+01
 3.670336e+02	 2.123718e+01
 3.771122e+02	 2.088612e+01
 3.874675e+02	 2.053779e+01
 3.981072e+02	 2.019233e+01
 4.090390e+02	 1.984983e+01
 4.202710e+02	 1.951041e+01
 4.318114e+02	 1.917422e+01
 4.436687e+02	 1.884133e+01
 4.558516e+02	 1.851177e+01
 4.683691e+02	 1.818564e+01
 4.812303e+02	 1.786299e+01
 4.944446e+02	 1.754390e+01
 5.080218e+02	 1.722841e+01
 5.219718e+02	 1.691658e+01
 5.363049e+02	 1.660846e+01
 5.510316e+02	 1.630408e+01
 5.661626e+02	 1.600350e+01
 5.817091e+02	 1.570673e+01
 5.976826e+02	 1.541381e+01
 6.140946e+02	 1.512475e+01
 6.309573e+02	 1.483959e+01
 6.482831e+02	 1.455833e+01
 6.660846e+02	 1.428098e+01
 6.843750e+02	 1.400756e+01
 7.031676e+02	 1.373807e+01
 7.224762e+02	 1.347250e+01
 7.423150e+02	 1.321087e+01
 7.626986e+02	 1.295315e+01
 7.836419e+02	 1.269935e+01
 8.051603e+02	 1.244945e+01
 8.272696e+02	 1.220344e+01
 8.499860e+02	 1.196130e+01
 8.733262e+02	 1.172302e+01
 8.973072e+02	 1.148857e+01
 9.219468e+02	 1.125794e+01
 9.472630e+02	 1.103110e+01
 9.732744e+02	 1.080803e+01
 1.000000e+03	 1.058869e+01
 1.027459e+03	 1.037305e+01
 1.055673e+03	 1.016110e+01
 1.084661e+03	 9.952789e+00
 1.114445e+03	 9.748091e+00
 1.145048e+03	 9.546971e+00
 1.176490e+03	 9.349393e+00
 1.208796e+03	 9.155321e+00
 1.241989e+03	 8.964719e+00
 1.276093e+03	 8.777547e+00
 1.311134e+03	 8.593768e+00
 1.347137e+03	 8.413341e+00
 1.384129e+03	 8.236226e+00
 1.422136e+03	 8.062384e+00
 1.461187e+03	 7.891773e+00
 1.501311e+03	 7.724351e+00
 1.542536e+03	 7.560077e+00
 1.584893e+03	 7.398909e+00
 1.628414e+03	 7.240804e+00
 1.673129e+03	 7.085720e+00
 1.719072e+03	 6.933614e+00
 1.766277e+03	 6.784444e+00
 1.814778e+03	 6.638166e+00
 1.864611e+03	 6.494738e+00
 1.915812e+03	 6.354117e+00
 1.968419e+03	 6.216260e+00
 2.022471e+03	 6.081125e+00
 2.078007e+03	 5.948669e+00
 2.135068e+03	 5.818850e+00
 2.193696e+03	 5.691625e+00
 2.253934e+03	 5.566953e+00
 2.315826e+03	 5.444791e+00
 2.379417e+03	 5.325099e+00
 2.444755e+03	 5.207835e+00
 2.511886e+03	 5.092958e+00
 2.580862e+03	 4.980428e+00
 2.651731e+03	 4.870205e+00
 2.724546e+03	 4.762248e+00
 2.799360e+03	 4.656517e+00
 2.876229e+03	 4.552975e+00
 2.955209e+03	 4.451582e+00
 3.036358e+03	 4.352299e+00
 3.119735e+03	 4.255089e+00
 3.205401e+03	 4.159914e+00
 3.293420e+03	 4.066737e+00
 3.383855e+03	 3.975522e+00
 3.476774e+03	 3.886231e+00
 3.572245e+03	 3.798830e+00
 3.670336e+03	 3.713284e+00
 3.771122e+03	 3.629556e+00
 3.874675e+03	 3.547613e+00
 3.981072e+03	 3.467421e+00
 4.090390e+03	 3.388947e+00
 4.202710e+03	 3.312157e+00
 4.318114e+03	 3.237019e+00
 4.436687e+03	 3.163501e+00
 4.558516e+03	 3.091571e+00
 4.683691e+03	 3.021198e+00
 4.812303e+03	 2.952352e+00
 4.944446e+03	 2.885003e+00
 5.080218e+03	 2.819120e+00
 5.219718e+03	 2.754674e+00
 5.363049e+03	 2.691638e+00
 5.510316e+03	 2.629982e+00
 5.661626e+03	 2.569679e+00
 5.817091e+03	 2.510701e+00
 5.976826e+03	 2.453022e+00
 6.140946e+03	 2.396614e+00
 6.309573e+03	 2.341453e+00
 6.482831e+03	 2.287512e+00
 6.660846e+03	 2.234767e+00
 6.843750e+03	 2.183192e+00
 7.031676e+03	 2.132763e+00
 7.224762e+03	 2.083458e+00
 7.423150e+03	 2.035251e+00
 7.626986e+03	 1.988121e+00
 7.836419e+03	 1.942045e+00
 8.051603e+03	 1.897000e+00
 8.272696e+03	 1.852965e+00
 8.499860e+03	 1.809919e+00
 8.733262e+03	 1.767840e+00
 8.973072e+03	 1.726709e+00
 9.219468e+03	 1.686505e+00
 9.472630e+03	 1.647208e+00
 9.732744e+03	 1.608798e+00
 1.000000e+04	 1.571258e+00
