 1.000000e+01	 3.005169e-01
 1.027459e+01	 4.169097e-01
 1.055673e+01	 6.388372e-01
 1.084661e+01	 8.704235e-01
 1.114445e+01	 1.110296e+00
 1.145048e+01	 1.357184e+00
 1.176490e+01	 1.609916e+00
 1.208796e+01	 1.867408e+00
 1.241989e+01	 2.128659e+00
 1.276093e+01	 2.412557e+00
 1.311134e+01	 2.757435e+00
 1.347137e+01	 3.119792e+00
 1.384129e+01	 3.487097e+00
 1.422136e+01	 3.858041e+00
 1.461187e+01	 4.235976e+00
 1.501311e+01	 4.666872e+00
 1.542536e+01	 5.160245e+00
 1.584893e+01	 5.691546e+00
 1.628414e+01	 6.277904e+00
 1.673129e+01	 6.887160e+00
 1.719072e+01	 7.501624e+00
 1.766277e+01	 8.119209e+00
 1.814778e+01	 8.737992e+00
 1.864611e+01	 9.369755e+00
 1.915812e+01	 1.003670e+01
 1.968419e+01	 1.070266e+01
 2.022471e+01	 1.136588e+01
 2.078007e+01	 1.202475e+01
 2.135068e+01	 1.267777e+01
 2.193696e+01	 1.332360e+01
 2.253934e+01	 1.396100e+01
 2.315826e+01	 1.458883e+01
 2.379417e+01	 1.520606e+01
 2.444755e+01	 1.582394e+01
 2.511886e+01	 1.643392e+01
 2.580862e+01	 1.703498e+01
 2.651731e+01	 1.763360e+01
 2.724546e+01	 1.821904e+01
 2.799360e+01	 1.879054e+01
 2.876229e+01	 1.934739e+01
 2.955209e+01	 1.990133e+01
 3.036358e+01	 2.045035e+01
 3.119735e+01	 2.098421e+01
 3.205401e+01	 2.150229e+01
 3.293420e+01	 2.200407e+01
 3.383855e+01	 2.248908e+01
 3.476774e+01	 2.295692e+01
 3.572245e+01	 2.340723e+01
 3.670336e+01	 2.383973e+01
 3.771122e+01	 2.425417e+01
 3.874675e+01	 2.465036e+01
 3.981072e+01	 2.502814e+01
 4.090390e+01	 2.538741e+01
 4.202710e+01	 2.572809e+01
 4.318114e+01	 2.605014e+01
 4.436687e+01	 2.635358e+01
 4.558516e+01	 2.663843e+01
 4.683691e+01	 2.690476e+01
 4.812303e+01	 2.715265e+01
 4.944446e+01	 2.738223e+01
 5.080218e+01	 2.759364e+01
 5.219718e+01	 2.778704e+01
 5.363049e+01	 2.796263e+01
 5.510316e+01	 2.812062e+01
 5.661626e+01	 2.826123e+01
 5.817091e+01	 2.838471e+01
 5.976826e+01	 2.849132e+01
 6.140946e+01	 2.858135e+01
 6.309573e+01	 2.865508e+01
 6.482831e+01	 2.871283e+01
 6.660846e+01	 2.875492e+01
 6.843750e+01	 2.878166e+01
 7.031676e+01	 2.879341e+01
 7.224762e+01	 2.879051e+01
 7.423150e+01	 2.877332e+01
 7.626986e+01	 2.874220e+01
 7.836419e+01	 2.869753e+01
 8.051603e+01	 2.863969e+01
 8.272696e+01	 2.856905e+01
 8.499860e+01	 2.848600e+01
 8.733262e+01	 2.839093e+01
 8.973072e+01	 2.828423e+01
 9.219468e+01	 2.816629e+01
 9.472630e+01	 2.803752e+01
 9.732744e+01	 2.789831e+01
 1.000000e+02	 2.774904e+01
 1.027459e+02	 2.759012e+01
 1.055673e+02	 2.742193e+01
 1.084661e+02	 2.724488e+01
 1.114445e+02	 2.705934e+01
 1.145048e+02	 2.686570e+01
 1.176490e+02	 2.666435e+01
 1.208796e+02	 2.645566e+01
 1.241989e+02	 2.624001e+01
 1.276093e+02	 2.601776e+01
 1.311134e+02	 2.578929e+01
 1.347137e+02	 2.555494e+01
 1.384129e+02	 2.531508e+01
 1.422136e+02	 2.507004e+01
 1.461187e+02	 2.482017e+01
 1.501311e+02	 2.456581e+01
 1.542536e+02	 2.430727e+01
 1.584893e+02	 2.404489e+01
 1.628414e+02	 2.377896e+01
 1.673129e+02	 2.350980e+01
 1.719072e+02	 2.323771e+01
 1.766277e+02	 2.296297e+01
 1.814778e+02	 2.268587e+01
 1.864611e+02	 2.240668e+01
 1.915812e+02	 2.212566e+01
 1.968419e+02	 2.184308e+01
 2.022471e+02	 2.155918e+01
 2.078007e+02	 2.127421e+01
 2.135068e+02	 2.098840e+01
 2.193696e+02	 2.070197e+01
 2.253934e+02	 2.041515e+01
 2.315826e+02	 2.012814e+01
 2.379417e+02	 1.984114e+01
 2.444755e+02	 1.955436e+01
 2.511886e+02	 1.926797e+01
 2.580862e+02	 1.898215e+01
 2.651731e+02	 1.869708e+01
 2.724546e+02	 1.841291e+01
 2.799360e+02	 1.812981e+01
 2.876229e+02	 1.784792e+01
 2.955209e+02	 1.756739e+01
 3.036358e+02	 1.728834e+01
 3.119735e+02	 1.701138e+01
 3.205401e+02	 1.673632e+01
 3.293420e+02	 1.646315e+01
 3.383855e+02	 1.619195e+01
 3.476774e+02	 1.592284e+01
 3.572245e+02	 1.565590e+01
 3.670336e+02	 1.539122e+01
 3.771122e+02	 1.512888e+01
 3.874675e+02	 1.486896e+01
 3.981072e+02	 1.461152e+01
 4.090390e+02	 1.435663e+01
 4.202710e+02	 1.410435e+01
 4.318114e+02	 1.385473e+01
 4.436687e+02	 1.360784e+01
 4.558516e+02	 1.336370e+01
 4.683691e+02	 1.312237e+01
 4.812303e+02	 1.288388e+01
 4.944446e+02	 1.264827e+01
 5.080218e+02	 1.241557e+01
 5.219718e+02	 1.218580e+01
 5.363049e+02	 1.195899e+01
 5.510316e+02	 1.173515e+01
 5.661626e+02	 1.151430e+01
 5.817091e+02	 1.129646e+01
 5.976826e+02	 1.108163e+01
 6.140946e+02	 1.086982e+01
 6.309573e+02	 1.066104e+01
 6.482831e+02	 1.045529e+01
 6.660846e+02	 1.025257e+01
 6.843750e+02	 1.005287e+01
 7.031676e+02	 9.856185e+00
 7.224762e+02	 9.662515e+00
 7.423150e+02	 9.471848e+00
 7.626986e+02	 9.284171e+00
 7.836419e+02	 9.099472e+00
 8.051603e+02	 8.917735e+00
 8.272696e+02	 8.738945e+00
 8.499860e+02	 8.563083e+00
 8.733262e+02	 8.390130e+00
 8.973072e+02	 8.220065e+00
 9.219468e+02	 8.052866e+00
 9.472630e+02	 7.888510e+00
 9.732744e+02	 7.726973e+00
 1.000000e+03	 7.568230e+00
 1.027459e+03	 7.412254e+00
 1.055673e+03	 7.259018e+00
 1.084661e+03	 7.108496e+00
 1.114445e+03	 6.960658e+00
 1.145048e+03	 6.815475e+00
 1.176490e+03	 6.672918e+00
 1.208796e+03	 6.532955e+00
 1.241989e+03	 6.395558e+00
 1.276093e+03	 6.260693e+00
 1.311134e+03	 6.128331e+00
 1.347137e+03	 5.998438e+00
 1.384129e+03	 5.870984e+00
 1.422136e+03	 5.745934e+00
 1.461187e+03	 5.623258e+00
 1.501311e+03	 5.502922e+00
 1.542536e+03	 5.384893e+00
 1.584893e+03	 5.269138e+00
 1.628414e+03	 5.155624e+00
 1.673129e+03	 5.044319e+00
 1.719072e+03	 4.935188e+00
 1.766277e+03	 4.828200e+00
 1.814778e+03	 4.723322e+00
 1.864611e+03	 4.620519e+00
 1.915812e+03	 4.519761e+00
 1.968419e+03	 4.421014e+00
 2.022471e+03	 4.324245e+00
 2.078007e+03	 4.229423e+00
 2.135068e+03	 4.136515e+00
 2.193696e+03	 4.045490e+00
 2.253934e+03	 3.956316e+00
 2.315826e+03	 3.868961e+00
 2.379417e+03	 3.783395e+00
 2.444755e+03	 3.699587e+00
 2.511886e+03	 3.617505e+00
 2.580862e+03	 3.537120e+00
 2.651731e+03	 3.458402e+00
 2.724546e+03	 3.381320e+00
 2.799360e+03	 3.305847e+00
 2.876229e+03	 3.231952e+00
 2.955209e+03	 3.159606e+00
 3.036358e+03	 3.088782e+00
 3.119735e+03	 3.019452e+00
 3.205401e+03	 2.951587e+00
 3.293420e+03	 2.885161e+00
 3.383855e+03	 2.820145e+00
 3.476774e+03	 2.756515e+00
 3.572245e+03	 2.694243e+00
 3.670336e+03	 2.633304e+00
 3.771122e+03	 2.573671e+00
 3.874675e+03	 2.515320e+00
 3.981072e+03	 2.458226e+00
 4.090390e+03	 2.402365e+00
 4.202710e+03	 2.347712e+00
 4.318114e+03	 2.294244e+00
 4.436687e+03	 2.241937e+00
 4.558516e+03	 2.190768e+00
 4.683691e+03	 2.140715e+00
 4.812303e+03	 2.091755e+00
 4.944446e+03	 2.043867e+00
 5.080218e+03	 1.997028e+00
 5.219718e+03	 1.951218e+00
 5.363049e+03	 1.906416e+00
 5.510316e+03	 1.862602e+00
 5.661626e+03	 1.819754e+00
 5.817091e+03	 1.777854e+00
 5.976826e+03	 1.736881e+00
 6.140946e+03	 1.696818e+00
 6.309573e+03	 1.657644e+00
 6.482831e+03	 1.619342e+00
 6.660846e+03	 1.581893e+00
 6.843750e+03	 1.545280e+00
 7.031676e+03	 1.509485e+00
 7.224762e+03	 1.474491e+00
 7.423150e+03	 1.440281e+00
 7.626986e+03	 1.406838e+00
 7.836419e+03	 1.374147e+00
 8.051603e+03	 1.342191e+00
 8.272696e+03	 1.310955e+00
 8.499860e+03	 1.280423e+00
 8.733262e+03	 1.250581e+00
 8.973072e+03	 1.221413e+00
 9.219468e+03	 1.192905e+00
 9.472630e+03	 1.165043e+00
 9.732744e+03	 1.137814e+00
 1.000000e+04	 1.111203e+00
