 1.000000e+01	 0.000000e+00
 1.027459e+01	 0.000000e+00
 1.055673e+01	 0.000000e+00
 1.084661e+01	 2.849298e-02
 1.114445e+01	 1.464545e-01
 1.145048e+01	 2.710917e-01
 1.176490e+01	 4.015243e-01
 1.208796e+01	 6.118414e-01
 1.241989e+01	 9.262625e-01
 1.276093e+01	 1.253963e+00
 1.311134e+01	 1.593050e+00
 1.347137e+01	 1.941774e+00
 1.384129e+01	 2.298518e+00
 1.422136e+01	 2.712358e+00
 1.461187e+01	 3.167924e+00
 1.501311e+01	 3.672704e+00
 1.542536e+01	 4.221569e+00
 1.584893e+01	 4.779160e+00
 1.628414e+01	 5.343346e+00
 1.673129e+01	 5.912163e+00
 1.719072e+01	 6.483800e+00
 1.766277e+01	 7.056588e+00
 1.814778e+01	 7.628993e+00
 1.864611e+01	 8.199601e+00
 1.915812e+01	 8.767113e+00
 1.968419e+01	 9.330336e+00
 2.022471e+01	 9.888175e+00
 2.078007e+01	 1.043962e+01
 2.135068e+01	 1.098376e+01
 2.193696e+01	 1.151975e+01
 2.253934e+01	 1.204682e+01
 2.315826e+01	 1.256428e+01
 2.379417e+01	 1.307147e+01
 2.444755e+01	 1.356783e+01
 2.511886e+01	 1.407863e+01
 2.580862e+01	 1.458063e+01
 2.651731e+01	 1.507172e+01
 2.724546e+01	 1.555132e+01
 2.799360e+01	 1.601890e+01
 2.876229e+01	 1.648375e+01
 2.955209e+01	 1.694836e+01
 3.036358e+01	 1.740083e+01
 3.119735e+01	 1.784065e+01
 3.205401e+01	 1.828547e+01
 3.293420e+01	 1.871868e+01
 3.383855e+01	 1.913895e+01
 3.476774e+01	 1.954584e+01
 3.572245e+01	 1.993895e+01
 3.670336e+01	 2.031795e+01
 3.771122e+01	 2.068254e+01
 3.874675e+01	 2.103247e+01
 3.981072e+01	 2.136753e+01
 4.090390e+01	 2.168755e+01
 4.202710e+01	 2.199241e+01
 4.318114e+01	 2.228200e+01
 4.436687e+01	 2.255625e+01
 4.558516e+01	 2.281514e+01
 4.683691e+01	 2.305866e+01
 4.812303e+01	 2.328682e+01
 4.944446e+01	 2.349968e+01
 5.080218e+01	 2.369729e+01
 5.219718e+01	 2.387977e+01
 5.363049e+01	 2.404720e+01
 5.510316e+01	 2.419974e+01
 5.661626e+01	 2.433752e+01
 5.817091e+01	 2.446073e+01
 5.976826e+01	 2.456953e+01
 6.140946e+01	 2.466414e+01
 6.309573e+01	 2.474476e+01
 6.482831e+01	 2.481162e+01
 6.660846e+01	 2.486497e+01
 6.843750e+01	 2.490504e+01
 7.031676e+01	 2.493211e+01
 7.224762e+01	 2.494644e+01
 7.423150e+01	 2.494830e+01
 7.626986e+01	 2.493799e+01
 7.836419e+01	 2.491580e+01
 8.051603e+01	 2.488203e+01
 8.272696e+01	 2.483698e+01
 8.499860e+01	 2.478097e+01
 8.733262e+01	 2.471430e+01
 8.973072e+01	 2.463730e+01
 9.219468e+01	 2.455029e+01
 9.472630e+01	 2.445359e+01
 9.732744e+01	 2.434752e+01
 1.000000e+02	 2.423242e+01
 1.027459e+02	 2.410860e+01
 1.055673e+02	 2.397640e+01
 1.084661e+02	 2.383614e+01
 1.114445e+02	 2.368815e+01
 1.145048e+02	 2.353275e+01
 1.176490e+02	 2.337027e+01
 1.208796e+02	 2.320102e+01
 1.241989e+02	 2.302532e+01
 1.276093e+02	 2.284349e+01
 1.311134e+02	 2.265584e+01
 1.347137e+02	 2.246267e+01
 1.384129e+02	 2.226429e+01
 1.422136e+02	 2.206100e+01
 1.461187e+02	 2.185308e+01
 1.501311e+02	 2.164084e+01
 1.542536e+02	 2.142456e+01
 1.584893e+02	 2.120451e+01
 1.628414e+02	 2.098096e+01
 1.673129e+02	 2.075420e+01
 1.719072e+02	 2.052446e+01
 1.766277e+02	 2.029202e+01
 1.814778e+02	 2.005713e+01
 1.864611e+02	 1.982001e+01
 1.915812e+02	 1.958092e+01
 1.968419e+02	 1.934008e+01
 2.022471e+02	 1.909772e+01
 2.078007e+02	 1.885405e+01
 2.135068e+02	 1.860928e+01
 2.193696e+02	 1.836362e+01
 2.253934e+02	 1.811726e+01
 2.315826e+02	 1.787040e+01
 2.379417e+02	 1.762322e+01
 2.444755e+02	 1.737589e+01
 2.511886e+02	 1.712859e+01
 2.580862e+02	 1.688148e+01
 2.651731e+02	 1.663471e+01
 2.724546e+02	 1.638845e+01
 2.799360e+02	 1.614283e+01
 2.876229e+02	 1.589799e+01
 2.955209e+02	 1.565407e+01
 3.036358e+02	 1.541119e+01
 3.119735e+02	 1.516979e+01
 3.205401e+02	 1.493017e+01
 3.293420e+02	 1.469197e+01
 3.383855e+02	 1.445530e+01
 3.476774e+02	 1.422024e+01
 3.572245e+02	 1.398688e+01
 3.670336e+02	 1.375530e+01
 3.771122e+02	 1.352559e+01
 3.874675e+02	 1.329781e+01
 3.981072e+02	 1.307203e+01
 4.090390e+02	 1.284832e+01
 4.202710e+02	 1.262673e+01
 4.318114e+02	 1.240733e+01
 4.436687e+02	 1.219015e+01
 4.558516e+02	 1.197525e+01
 4.683691e+02	 1.176268e+01
 4.812303e+02	 1.155246e+01
 4.944446e+02	 1.134465e+01
 5.080218e+02	 1.113926e+01
 5.219718e+02	 1.093634e+01
 5.363049e+02	 1.073589e+01
 5.510316e+02	 1.053796e+01
 5.661626e+02	 1.034255e+01
 5.817091e+02	 1.014969e+01
 5.976826e+02	 9.959392e+00
 6.140946e+02	 9.771661e+00
 6.309573e+02	 9.586510e+00
 6.482831e+02	 9.403944e+00
 6.660846e+02	 9.223969e+00
 6.843750e+02	 9.046586e+00
 7.031676e+02	 8.871795e+00
 7.224762e+02	 8.699594e+00
 7.423150e+02	 8.529979e+00
 7.626986e+02	 8.362943e+00
 7.836419e+02	 8.198480e+00
 8.051603e+02	 8.036580e+00
 8.272696e+02	 7.877232e+00
 8.499860e+02	 7.720424e+00
 8.733262e+02	 7.566143e+00
 8.973072e+02	 7.414372e+00
 9.219468e+02	 7.265097e+00
 9.472630e+02	 7.118299e+00
 9.732744e+02	 6.973960e+00
 1.000000e+03	 6.832062e+00
 1.027459e+03	 6.692583e+00
 1.055673e+03	 6.555502e+00
 1.084661e+03	 6.420797e+00
 1.114445e+03	 6.288447e+00
 1.145048e+03	 6.158426e+00
 1.176490e+03	 6.030711e+00
 1.208796e+03	 5.905278e+00
 1.241989e+03	 5.782101e+00
 1.276093e+03	 5.661155e+00
 1.311134e+03	 5.542414e+00
 1.347137e+03	 5.425850e+00
 1.384129e+03	 5.311438e+00
 1.422136e+03	 5.199151e+00
 1.461187e+03	 5.088960e+00
 1.501311e+03	 4.980840e+00
 1.542536e+03	 4.874761e+00
 1.584893e+03	 4.770695e+00
 1.628414e+03	 4.668616e+00
 1.673129e+03	 4.568495e+00
 1.719072e+03	 4.470304e+00
 1.766277e+03	 4.374014e+00
 1.814778e+03	 4.279598e+00
 1.864611e+03	 4.187028e+00
 1.915812e+03	 4.096274e+00
 1.968419e+03	 4.007310e+00
 2.022471e+03	 3.920107e+00
 2.078007e+03	 3.834638e+00
 2.135068e+03	 3.750875e+00
 2.193696e+03	 3.668789e+00
 2.253934e+03	 3.588355e+00
 2.315826e+03	 3.509544e+00
 2.379417e+03	 3.432330e+00
 2.444755e+03	 3.356686e+00
 2.511886e+03	 3.282584e+00
 2.580862e+03	 3.210000e+00
 2.651731e+03	 3.138905e+00
 2.724546e+03	 3.069275e+00
 2.799360e+03	 3.001084e+00
 2.876229e+03	 2.934306e+00
 2.955209e+03	 2.868917e+00
 3.036358e+03	 2.804890e+00
 3.119735e+03	 2.742203e+00
 3.205401e+03	 2.680829e+00
 3.293420e+03	 2.620746e+00
 3.383855e+03	 2.561928e+00
 3.476774e+03	 2.504354e+00
 3.572245e+03	 2.448000e+00
 3.670336e+03	 2.392842e+00
 3.771122e+03	 2.338859e+00
 3.874675e+03	 2.286028e+00
 3.981072e+03	 2.234326e+00
 4.090390e+03	 2.183733e+00
 4.202710e+03	 2.134227e+00
 4.318114e+03	 2.085787e+00
 4.436687e+03	 2.038393e+00
 4.558516e+03	 1.992023e+00
 4.683691e+03	 1.946657e+00
 4.812303e+03	 1.902277e+00
 4.944446e+03	 1.858862e+00
 5.080218e+03	 1.816393e+00
 5.219718e+03	 1.774852e+00
 5.363049e+03	 1.734219e+00
 5.510316e+03	 1.694477e+00
 5.661626e+03	 1.655608e+00
 5.817091e+03	 1.617593e+00
 5.976826e+03	 1.580416e+00
 6.140946e+03	 1.544059e+00
 6.309573e+03	 1.508506e+00
 6.482831e+03	 1.473740e+00
 6.660846e+03	 1.439744e+00
 6.843750e+03	 1.406504e+00
 7.031676e+03	 1.374003e+00
 7.224762e+03	 1.342226e+00
 7.423150e+03	 1.311158e+00
 7.626986e+03	 1.280783e+00
 7.836419e+03	 1.251089e+00
 8.051603e+03	 1.222059e+00
 8.272696e+03	 1.193681e+00
 8.499860e+03	 1.165940e+00
 8.733262e+03	 1.138823e+00
 8.973072e+03	 1.112317e+00
 9.219468e+03	 1.086408e+00
 9.472630e+03	 1.061084e+00
 9.732744e+03	 1.036333e+00
 1.000000e+04	 1.012142e+00
