 1.000000e+01	 0.000000e+00
 1.027459e+01	 0.000000e+00
 1.055673e+01	 0.000000e+00
 1.084661e+01	 8.901506e-02
 1.114445e+01	 2.288610e-01
 1.145048e+01	 4.648977e-01
 1.176490e+01	 7.125911e-01
 1.208796e+01	 9.703507e-01
 1.241989e+01	 1.236706e+00
 1.276093e+01	 1.510297e+00
 1.311134e+01	 1.789870e+00
 1.347137e+01	 2.181226e+00
 1.384129e+01	 2.652429e+00
 1.422136e+01	 3.135718e+00
 1.461187e+01	 3.628849e+00
 1.501311e+01	 4.138786e+00
 1.542536e+01	 4.676036e+00
 1.584893e+01	 5.219099e+00
 1.628414e+01	 5.766126e+00
 1.673129e+01	 6.315416e+00
 1.719072e+01	 6.865400e+00
 1.766277e+01	 7.414633e+00
 1.814778e+01	 7.992261e+00
 1.864611e+01	 8.588733e+00
 1.915812e+01	 9.183436e+00
 1.968419e+01	 9.774955e+00
 2.022471e+01	 1.036199e+01
 2.078007e+01	 1.094335e+01
 2.135068e+01	 1.151794e+01
 2.193696e+01	 1.208477e+01
 2.253934e+01	 1.264909e+01
 2.315826e+01	 1.322750e+01
 2.379417e+01	 1.380027e+01
 2.444755e+01	 1.436365e+01
 2.511886e+01	 1.491676e+01
 2.580862e+01	 1.545882e+01
 2.651731e+01	 1.598913e+01
 2.724546e+01	 1.650703e+01
 2.799360e+01	 1.701196e+01
 2.876229e+01	 1.751266e+01
 2.955209e+01	 1.801160e+01
 3.036358e+01	 1.850414e+01
 3.119735e+01	 1.899603e+01
 3.205401e+01	 1.947470e+01
 3.293420e+01	 1.993959e+01
 3.383855e+01	 2.039020e+01
 3.476774e+01	 2.082609e+01
 3.572245e+01	 2.124687e+01
 3.670336e+01	 2.165221e+01
 3.771122e+01	 2.204182e+01
 3.874675e+01	 2.241546e+01
 3.981072e+01	 2.277294e+01
 4.090390e+01	 2.311410e+01
 4.202710e+01	 2.343882e+01
 4.318114e+01	 2.374702e+01
 4.436687e+01	 2.403865e+01
 4.558516e+01	 2.431369e+01
 4.683691e+01	 2.457215e+01
 4.812303e+01	 2.481407e+01
 4.944446e+01	 2.503952e+01
 5.080218e+01	 2.524858e+01
 5.219718e+01	 2.544137e+01
 5.363049e+01	 2.561803e+01
 5.510316e+01	 2.577870e+01
 5.661626e+01	 2.592357e+01
 5.817091e+01	 2.605281e+01
 5.976826e+01	 2.616665e+01
 6.140946e+01	 2.626530e+01
 6.309573e+01	 2.634900e+01
 6.482831e+01	 2.641801e+01
 6.660846e+01	 2.647258e+01
 6.843750e+01	 2.651299e+01
 7.031676e+01	 2.653953e+01
 7.224762e+01	 2.655249e+01
 7.423150e+01	 2.655218e+01
 7.626986e+01	 2.653890e+01
 7.836419e+01	 2.651298e+01
 8.051603e+01	 2.647475e+01
 8.272696e+01	 2.642452e+01
 8.499860e+01	 2.636265e+01
 8.733262e+01	 2.628946e+01
 8.973072e+01	 2.620531e+01
 9.219468e+01	 2.611053e+01
 9.472630e+01	 2.600548e+01
 9.732744e+01	 2.589050e+01
 1.000000e+02	 2.576595e+01
 1.027459e+02	 2.563218e+01
 1.055673e+02	 2.548953e+01
 1.084661e+02	 2.533836e+01
 1.114445e+02	 2.517902e+01
 1.145048e+02	 2.501185e+01
 1.176490e+02	 2.483720e+01
 1.208796e+02	 2.465541e+01
 1.241989e+02	 2.446683e+01
 1.276093e+02	 2.427177e+01
 1.311134e+02	 2.407059e+01
 1.347137e+02	 2.386359e+01
 1.384129e+02	 2.365112e+01
 1.422136e+02	 2.343349e+01
 1.461187e+02	 2.321100e+01
 1.501311e+02	 2.298398e+01
 1.542536e+02	 2.275271e+01
 1.584893e+02	 2.251750e+01
 1.628414e+02	 2.227864e+01
 1.673129e+02	 2.203641e+01
 1.719072e+02	 2.179109e+01
 1.766277e+02	 2.154295e+01
 1.814778e+02	 2.129225e+01
 1.864611e+02	 2.103926e+01
 1.915812e+02	 2.078422e+01
 1.968419e+02	 2.052738e+01
 2.022471e+02	 2.026897e+01
 2.078007e+02	 2.000923e+01
 2.135068e+02	 1.974838e+01
 2.193696e+02	 1.948662e+01
 2.253934e+02	 1.922418e+01
 2.315826e+02	 1.896125e+01
 2.379417e+02	 1.869802e+01
 2.444755e+02	 1.843469e+01
 2.511886e+02	 1.817143e+01
 2.580862e+02	 1.790842e+01
 2.651731e+02	 1.764582e+01
 2.724546e+02	 1.738379e+01
 2.799360e+02	 1.712249e+01
 2.876229e+02	 1.686205e+01
 2.955209e+02	 1.660263e+01
 3.036358e+02	 1.634435e+01
 3.119735e+02	 1.608787e+01
 3.205401e+02	 1.583309e+01
 3.293420e+02	 1.557985e+01
 3.383855e+02	 1.532825e+01
 3.476774e+02	 1.507840e+01
 3.572245e+02	 1.483038e+01
 3.670336e+02	 1.458428e+01
 3.771122e+02	 1.434018e+01
 3.874675e+02	 1.409816e+01
 3.981072e+02	 1.385829e+01
 4.090390e+02	 1.362064e+01
 4.202710e+02	 1.338526e+01
 4.318114e+02	 1.315222e+01
 4.436687e+02	 1.292157e+01
 4.558516e+02	 1.269335e+01
 4.683691e+02	 1.246762e+01
 4.812303e+02	 1.224442e+01
 4.944446e+02	 1.202378e+01
 5.080218e+02	 1.180573e+01
 5.219718e+02	 1.159031e+01
 5.363049e+02	 1.137754e+01
 5.510316e+02	 1.116745e+01
 5.661626e+02	 1.096006e+01
 5.817091e+02	 1.075538e+01
 5.976826e+02	 1.055343e+01
 6.140946e+02	 1.035422e+01
 6.309573e+02	 1.015776e+01
 6.482831e+02	 9.964059e+00
 6.660846e+02	 9.773115e+00
 6.843750e+02	 9.584930e+00
 7.031676e+02	 9.399507e+00
 7.224762e+02	 9.216840e+00
 7.423150e+02	 9.036926e+00
 7.626986e+02	 8.859758e+00
 7.836419e+02	 8.685326e+00
 8.051603e+02	 8.513622e+00
 8.272696e+02	 8.344632e+00
 8.499860e+02	 8.178344e+00
 8.733262e+02	 8.014742e+00
 8.973072e+02	 7.853810e+00
 9.219468e+02	 7.695531e+00
 9.472630e+02	 7.539886e+00
 9.732744e+02	 7.386854e+00
 1.000000e+03	 7.236416e+00
 1.027459e+03	 7.088548e+00
 1.055673e+03	 6.943229e+00
 1.084661e+03	 6.800435e+00
 1.114445e+03	 6.660140e+00
 1.145048e+03	 6.522321e+00
 1.176490e+03	 6.386950e+00
 1.208796e+03	 6.254003e+00
 1.241989e+03	 6.123452e+00
 1.276093e+03	 5.995269e+00
 1.311134e+03	 5.869427e+00
 1.347137e+03	 5.745897e+00
 1.384129e+03	 5.624651e+00
 1.422136e+03	 5.505660e+00
 1.461187e+03	 5.388894e+00
 1.501311e+03	 5.274325e+00
 1.542536e+03	 5.161923e+00
 1.584893e+03	 5.051658e+00
 1.628414e+03	 4.943501e+00
 1.673129e+03	 4.837421e+00
 1.719072e+03	 4.733388e+00
 1.766277e+03	 4.631373e+00
 1.814778e+03	 4.531345e+00
 1.864611e+03	 4.433274e+00
 1.915812e+03	 4.337132e+00
 1.968419e+03	 4.242887e+00
 2.022471e+03	 4.150510e+00
 2.078007e+03	 4.059971e+00
 2.135068e+03	 3.971242e+00
 2.193696e+03	 3.884292e+00
 2.253934e+03	 3.799093e+00
 2.315826e+03	 3.715615e+00
 2.379417e+03	 3.633831e+00
 2.444755e+03	 3.553710e+00
 2.511886e+03	 3.475225e+00
 2.580862e+03	 3.398348e+00
 2.651731e+03	 3.323052e+00
 2.724546e+03	 3.249307e+00
 2.799360e+03	 3.177088e+00
 2.876229e+03	 3.106367e+00
 2.955209e+03	 3.037117e+00
 3.036358e+03	 2.969312e+00
 3.119735e+03	 2.902926e+00
 3.205401e+03	 2.837932e+00
 3.293420e+03	 2.774306e+00
 3.383855e+03	 2.712022e+00
 3.476774e+03	 2.651055e+00
 3.572245e+03	 2.591380e+00
 3.670336e+03	 2.532974e+00
 3.771122e+03	 2.475812e+00
 3.874675e+03	 2.419871e+00
 3.981072e+03	 2.365127e+00
 4.090390e+03	 2.311557e+00
 4.202710e+03	 2.259139e+00
 4.318114e+03	 2.207850e+00
 4.436687e+03	 2.157669e+00
 4.558516e+03	 2.108573e+00
 4.683691e+03	 2.060542e+00
 4.812303e+03	 2.013554e+00
 4.944446e+03	 1.967588e+00
 5.080218e+03	 1.922625e+00
 5.219718e+03	 1.878645e+00
 5.363049e+03	 1.835627e+00
 5.510316e+03	 1.793552e+00
 5.661626e+03	 1.752401e+00
 5.817091e+03	 1.712156e+00
 5.976826e+03	 1.672798e+00
 6.140946e+03	 1.634308e+00
 6.309573e+03	 1.596670e+00
 6.482831e+03	 1.559865e+00
 6.660846e+03	 1.523877e+00
 6.843750e+03	 1.488688e+00
 7.031676e+03	 1.454283e+00
 7.224762e+03	 1.420644e+00
 7.423150e+03	 1.387755e+00
 7.626986e+03	 1.355602e+00
 7.836419e+03	 1.324168e+00
 8.051603e+03	 1.293438e+00
 8.272696e+03	 1.263398e+00
 8.499860e+03	 1.234033e+00
 8.733262e+03	 1.205329e+00
 8.973072e+03	 1.177271e+00
 9.219468e+03	 1.149846e+00
 9.472630e+03	 1.123041e+00
 9.732744e+03	 1.096841e+00
 1.000000e+04	 1.071235e+00
