 1.000000e+01	 1.642016e-01
 1.027459e+01	 3.125269e-01
 1.055673e+01	 4.679107e-01
 1.084661e+01	 6.633889e-01
 1.114445e+01	 9.497678e-01
 1.145048e+01	 1.247206e+00
 1.176490e+01	 1.554047e+00
 1.208796e+01	 1.868760e+00
 1.241989e+01	 2.213661e+00
 1.276093e+01	 2.644807e+00
 1.311134e+01	 3.085642e+00
 1.347137e+01	 3.534250e+00
 1.384129e+01	 4.032906e+00
 1.422136e+01	 4.575946e+00
 1.461187e+01	 5.126216e+00
 1.501311e+01	 5.681717e+00
 1.542536e+01	 6.240606e+00
 1.584893e+01	 6.853659e+00
 1.628414e+01	 7.479991e+00
 1.673129e+01	 8.114511e+00
 1.719072e+01	 8.803837e+00
 1.766277e+01	 9.495010e+00
 1.814778e+01	 1.022269e+01
 1.864611e+01	 1.096720e+01
 1.915812e+01	 1.171078e+01
 1.968419e+01	 1.245146e+01
 2.022471e+01	 1.318746e+01
 2.078007e+01	 1.391714e+01
 2.135068e+01	 1.463900e+01
 2.193696e+01	 1.535166e+01
 2.253934e+01	 1.605386e+01
 2.315826e+01	 1.675115e+01
 2.379417e+01	 1.746271e+01
 2.444755e+01	 1.816247e+01
 2.511886e+01	 1.884933e+01
 2.580862e+01	 1.952227e+01
 2.651731e+01	 2.018036e+01
 2.724546e+01	 2.082277e+01
 2.799360e+01	 2.146925e+01
 2.876229e+01	 2.210274e+01
 2.955209e+01	 2.271970e+01
 3.036358e+01	 2.333389e+01
 3.119735e+01	 2.393791e+01
 3.205401e+01	 2.452458e+01
 3.293420e+01	 2.509324e+01
 3.383855e+01	 2.564334e+01
 3.476774e+01	 2.617437e+01
 3.572245e+01	 2.668591e+01
 3.670336e+01	 2.717759e+01
 3.771122e+01	 2.764910e+01
 3.874675e+01	 2.810021e+01
 3.981072e+01	 2.853070e+01
 4.090390e+01	 2.894043e+01
 4.202710e+01	 2.932929e+01
 4.318114e+01	 2.969723e+01
 4.436687e+01	 3.004422e+01
 4.558516e+01	 3.037028e+01
 4.683691e+01	 3.067547e+01
 4.812303e+01	 3.095987e+01
 4.944446e+01	 3.122360e+01
 5.080218e+01	 3.146681e+01
 5.219718e+01	 3.168968e+01
 5.363049e+01	 3.189239e+01
 5.510316e+01	 3.207518e+01
 5.661626e+01	 3.223830e+01
 5.817091e+01	 3.238202e+01
 5.976826e+01	 3.250661e+01
 6.140946e+01	 3.261239e+01
 6.309573e+01	 3.269969e+01
 6.482831e+01	 3.276883e+01
 6.660846e+01	 3.282018e+01
 6.843750e+01	 3.285409e+01
 7.031676e+01	 3.287095e+01
 7.224762e+01	 3.287114e+01
 7.423150e+01	 3.285507e+01
 7.626986e+01	 3.282313e+01
 7.836419e+01	 3.277575e+01
 8.051603e+01	 3.271335e+01
 8.272696e+01	 3.263635e+01
 8.499860e+01	 3.254519e+01
 8.733262e+01	 3.244030e+01
 8.973072e+01	 3.232212e+01
 9.219468e+01	 3.219109e+01
 9.472630e+01	 3.204767e+01
 9.732744e+01	 3.189228e+01
 1.000000e+02	 3.172539e+01
 1.027459e+02	 3.154742e+01
 1.055673e+02	 3.135883e+01
 1.084661e+02	 3.116006e+01
 1.114445e+02	 3.095154e+01
 1.145048e+02	 3.073371e+01
 1.176490e+02	 3.050700e+01
 1.208796e+02	 3.027184e+01
 1.241989e+02	 3.002865e+01
 1.276093e+02	 2.977785e+01
 1.311134e+02	 2.951985e+01
 1.347137e+02	 2.925507e+01
 1.384129e+02	 2.898389e+01
 1.422136e+02	 2.870672e+01
 1.461187e+02	 2.842394e+01
 1.501311e+02	 2.813593e+01
 1.542536e+02	 2.784306e+01
 1.584893e+02	 2.754569e+01
 1.628414e+02	 2.724418e+01
 1.673129e+02	 2.693889e+01
 1.719072e+02	 2.663014e+01
 1.766277e+02	 2.631827e+01
 1.814778e+02	 2.600359e+01
 1.864611e+02	 2.568643e+01
 1.915812e+02	 2.536709e+01
 1.968419e+02	 2.504586e+01
 2.022471e+02	 2.472303e+01
 2.078007e+02	 2.439888e+01
 2.135068e+02	 2.407366e+01
 2.193696e+02	 2.374765e+01
 2.253934e+02	 2.342110e+01
 2.315826e+02	 2.309423e+01
 2.379417e+02	 2.276729e+01
 2.444755e+02	 2.244050e+01
 2.511886e+02	 2.211407e+01
 2.580862e+02	 2.178821e+01
 2.651731e+02	 2.146312e+01
 2.724546e+02	 2.113898e+01
 2.799360e+02	 2.081597e+01
 2.876229e+02	 2.049427e+01
 2.955209e+02	 2.017404e+01
 3.036358e+02	 1.985543e+01
 3.119735e+02	 1.953917e+01
 3.205401e+02	 1.922509e+01
 3.293420e+02	 1.891310e+01
 3.383855e+02	 1.860332e+01
 3.476774e+02	 1.829586e+01
 3.572245e+02	 1.799082e+01
 3.670336e+02	 1.768830e+01
 3.771122e+02	 1.738840e+01
 3.874675e+02	 1.709121e+01
 3.981072e+02	 1.679681e+01
 4.090390e+02	 1.650527e+01
 4.202710e+02	 1.621667e+01
 4.318114e+02	 1.593106e+01
 4.436687e+02	 1.564852e+01
 4.558516e+02	 1.536908e+01
 4.683691e+02	 1.509282e+01
 4.812303e+02	 1.481976e+01
 4.944446e+02	 1.454995e+01
 5.080218e+02	 1.428343e+01
 5.219718e+02	 1.402022e+01
 5.363049e+02	 1.376037e+01
 5.510316e+02	 1.350388e+01
 5.661626e+02	 1.325078e+01
 5.817091e+02	 1.300108e+01
 5.976826e+02	 1.275481e+01
 6.140946e+02	 1.251197e+01
 6.309573e+02	 1.227256e+01
 6.482831e+02	 1.203659e+01
 6.660846e+02	 1.180406e+01
 6.843750e+02	 1.157497e+01
 7.031676e+02	 1.134931e+01
 7.224762e+02	 1.112708e+01
 7.423150e+02	 1.090826e+01
 7.626986e+02	 1.069285e+01
 7.836419e+02	 1.048083e+01
 8.051603e+02	 1.027218e+01
 8.272696e+02	 1.006690e+01
 8.499860e+02	 9.864947e+00
 8.733262e+02	 9.666314e+00
 8.973072e+02	 9.470976e+00
 9.219468e+02	 9.278908e+00
 9.472630e+02	 9.090085e+00
 9.732744e+02	 8.904479e+00
 1.000000e+03	 8.722064e+00
 1.027459e+03	 8.542810e+00
 1.055673e+03	 8.366686e+00
 1.084661e+03	 8.193663e+00
 1.114445e+03	 8.023708e+00
 1.145048e+03	 7.856788e+00
 1.176490e+03	 7.692871e+00
 1.208796e+03	 7.531923e+00
 1.241989e+03	 7.373908e+00
 1.276093e+03	 7.218792e+00
 1.311134e+03	 7.066539e+00
 1.347137e+03	 6.917114e+00
 1.384129e+03	 6.770479e+00
 1.422136e+03	 6.626600e+00
 1.461187e+03	 6.485438e+00
 1.501311e+03	 6.346957e+00
 1.542536e+03	 6.211120e+00
 1.584893e+03	 6.077888e+00
 1.628414e+03	 5.947226e+00
 1.673129e+03	 5.819095e+00
 1.719072e+03	 5.693458e+00
 1.766277e+03	 5.570278e+00
 1.814778e+03	 5.449517e+00
 1.864611e+03	 5.331137e+00
 1.915812e+03	 5.215103e+00
 1.968419e+03	 5.101376e+00
 2.022471e+03	 4.989920e+00
 2.078007e+03	 4.880698e+00
 2.135068e+03	 4.773674e+00
 2.193696e+03	 4.668811e+00
 2.253934e+03	 4.566073e+00
 2.315826e+03	 4.465425e+00
 2.379417e+03	 4.366831e+00
 2.444755e+03	 4.270255e+00
 2.511886e+03	 4.175664e+00
 2.580862e+03	 4.083022e+00
 2.651731e+03	 3.992295e+00
 2.724546e+03	 3.903450e+00
 2.799360e+03	 3.816452e+00
 2.876229e+03	 3.731269e+00
 2.955209e+03	 3.647867e+00
 3.036358e+03	 3.566215e+00
 3.119735e+03	 3.486280e+00
 3.205401e+03	 3.408030e+00
 3.293420e+03	 3.331435e+00
 3.383855e+03	 3.256463e+00
 3.476774e+03	 3.183084e+00
 3.572245e+03	 3.111268e+00
 3.670336e+03	 3.040985e+00
 3.771122e+03	 2.972205e+00
 3.874675e+03	 2.904901e+00
 3.981072e+03	 2.839044e+00
 4.090390e+03	 2.774604e+00
 4.202710e+03	 2.711556e+00
 4.318114e+03	 2.649872e+00
 4.436687e+03	 2.589524e+00
 4.558516e+03	 2.530488e+00
 4.683691e+03	 2.472735e+00
 4.812303e+03	 2.416242e+00
 4.944446e+03	 2.360983e+00
 5.080218e+03	 2.306933e+00
 5.219718e+03	 2.254068e+00
 5.363049e+03	 2.202363e+00
 5.510316e+03	 2.151796e+00
 5.661626e+03	 2.102344e+00
 5.817091e+03	 2.053983e+00
 5.976826e+03	 2.006691e+00
 6.140946e+03	 1.960446e+00
 6.309573e+03	 1.915227e+00
 6.482831e+03	 1.871012e+00
 6.660846e+03	 1.827781e+00
 6.843750e+03	 1.785513e+00
 7.031676e+03	 1.744187e+00
 7.224762e+03	 1.703786e+00
 7.423150e+03	 1.664288e+00
 7.626986e+03	 1.625675e+00
 7.836419e+03	 1.587928e+00
 8.051603e+03	 1.551029e+00
 8.272696e+03	 1.514960e+00
 8.499860e+03	 1.479704e+00
 8.733262e+03	 1.445242e+00
 8.973072e+03	 1.411559e+00
 9.219468e+03	 1.378637e+00
 9.472630e+03	 1.346459e+00
 9.732744e+03	 1.315012e+00
 1.000000e+04	 1.284277e+00
