 1.000000e+01	 5.993998e-01
 1.027459e+01	 6.934836e-01
 1.055673e+01	 7.890425e-01
 1.084661e+01	 8.857720e-01
 1.114445e+01	 9.833906e-01
 1.145048e+01	 1.111124e+00
 1.176490e+01	 1.257507e+00
 1.208796e+01	 1.446770e+00
 1.241989e+01	 1.640710e+00
 1.276093e+01	 1.838532e+00
 1.311134e+01	 2.039497e+00
 1.347137e+01	 2.242922e+00
 1.384129e+01	 2.471745e+00
 1.422136e+01	 2.714486e+00
 1.461187e+01	 2.959835e+00
 1.501311e+01	 3.207040e+00
 1.542536e+01	 3.473363e+00
 1.584893e+01	 3.772952e+00
 1.628414e+01	 4.093280e+00
 1.673129e+01	 4.459865e+00
 1.719072e+01	 4.845355e+00
 1.766277e+01	 5.234610e+00
 1.814778e+01	 5.626339e+00
 1.864611e+01	 6.019351e+00
 1.915812e+01	 6.412549e+00
 1.968419e+01	 6.804921e+00
 2.022471e+01	 7.195537e+00
 2.078007e+01	 7.583540e+00
 2.135068e+01	 7.968141e+00
 2.193696e+01	 8.348617e+00
 2.253934e+01	 8.741290e+00
 2.315826e+01	 9.130637e+00
 2.379417e+01	 9.514904e+00
 2.444755e+01	 9.894747e+00
 2.511886e+01	 1.028198e+01
 2.580862e+01	 1.066319e+01
 2.651731e+01	 1.103775e+01
 2.724546e+01	 1.140511e+01
 2.799360e+01	 1.176477e+01
 2.876229e+01	 1.211627e+01
 2.955209e+01	 1.245919e+01
 3.036358e+01	 1.279354e+01
 3.119735e+01	 1.312800e+01
 3.205401e+01	 1.345341e+01
 3.293420e+01	 1.376943e+01
 3.383855e+01	 1.407807e+01
 3.476774e+01	 1.438264e+01
 3.572245e+01	 1.467744e+01
 3.670336e+01	 1.496219e+01
 3.771122e+01	 1.523666e+01
 3.874675e+01	 1.550064e+01
 3.981072e+01	 1.575395e+01
 4.090390e+01	 1.599647e+01
 4.202710e+01	 1.622805e+01
 4.318114e+01	 1.644862e+01
 4.436687e+01	 1.665810e+01
 4.558516e+01	 1.685645e+01
 4.683691e+01	 1.704364e+01
 4.812303e+01	 1.721966e+01
 4.944446e+01	 1.738453e+01
 5.080218e+01	 1.753828e+01
 5.219718e+01	 1.768095e+01
 5.363049e+01	 1.781261e+01
 5.510316e+01	 1.793334e+01
 5.661626e+01	 1.804322e+01
 5.817091e+01	 1.814237e+01
 5.976826e+01	 1.823090e+01
 6.140946e+01	 1.830893e+01
 6.309573e+01	 1.837662e+01
 6.482831e+01	 1.843411e+01
 6.660846e+01	 1.848155e+01
 6.843750e+01	 1.851913e+01
 7.031676e+01	 1.854700e+01
 7.224762e+01	 1.856537e+01
 7.423150e+01	 1.857442e+01
 7.626986e+01	 1.857435e+01
 7.836419e+01	 1.856536e+01
 8.051603e+01	 1.854766e+01
 8.272696e+01	 1.852147e+01
 8.499860e+01	 1.848700e+01
 8.733262e+01	 1.844449e+01
 8.973072e+01	 1.839414e+01
 9.219468e+01	 1.833620e+01
 9.472630e+01	 1.827090e+01
 9.732744e+01	 1.819846e+01
 1.000000e+02	 1.811913e+01
 1.027459e+02	 1.803314e+01
 1.055673e+02	 1.794072e+01
 1.084661e+02	 1.784212e+01
 1.114445e+02	 1.773757e+01
 1.145048e+02	 1.762731e+01
 1.176490e+02	 1.751157e+01
 1.208796e+02	 1.739060e+01
 1.241989e+02	 1.726461e+01
 1.276093e+02	 1.713386e+01
 1.311134e+02	 1.699856e+01
 1.347137e+02	 1.685894e+01
 1.384129e+02	 1.671524e+01
 1.422136e+02	 1.656767e+01
 1.461187e+02	 1.641645e+01
 1.501311e+02	 1.626181e+01
 1.542536e+02	 1.610394e+01
 1.584893e+02	 1.594307e+01
 1.628414e+02	 1.577940e+01
 1.673129e+02	 1.561312e+01
 1.719072e+02	 1.544445e+01
 1.766277e+02	 1.527356e+01
 1.814778e+02	 1.510066e+01
 1.864611e+02	 1.492592e+01
 1.915812e+02	 1.474953e+01
 1.968419e+02	 1.457166e+01
 2.022471e+02	 1.439248e+01
 2.078007e+02	 1.421216e+01
 2.135068e+02	 1.403086e+01
 2.193696e+02	 1.384873e+01
 2.253934e+02	 1.366594e+01
 2.315826e+02	 1.348261e+01
 2.379417e+02	 1.329891e+01
 2.444755e+02	 1.311495e+01
 2.511886e+02	 1.293088e+01
 2.580862e+02	 1.274682e+01
 2.651731e+02	 1.256290e+01
 2.724546e+02	 1.237923e+01
 2.799360e+02	 1.219592e+01
 2.876229e+02	 1.201309e+01
 2.955209e+02	 1.183083e+01
 3.036358e+02	 1.164925e+01
 3.119735e+02	 1.146858e+01
 3.205401e+02	 1.128884e+01
 3.293420e+02	 1.111006e+01
 3.383855e+02	 1.093231e+01
 3.476774e+02	 1.075567e+01
 3.572245e+02	 1.058021e+01
 3.670336e+02	 1.040600e+01
 3.771122e+02	 1.023311e+01
 3.874675e+02	 1.006159e+01
 3.981072e+02	 9.891506e+00
 4.090390e+02	 9.722904e+00
 4.202710e+02	 9.555835e+00
 4.318114e+02	 9.390416e+00
 4.436687e+02	 9.226661e+00
 4.558516e+02	 9.064573e+00
 4.683691e+02	 8.904188e+00
 4.812303e+02	 8.745541e+00
 4.944446e+02	 8.588660e+00
 5.080218e+02	 8.433573e+00
 5.219718e+02	 8.280305e+00
 5.363049e+02	 8.128878e+00
 5.510316e+02	 7.979312e+00
 5.661626e+02	 7.831624e+00
 5.817091e+02	 7.685829e+00
 5.976826e+02	 7.541940e+00
 6.140946e+02	 7.399968e+00
 6.309573e+02	 7.259922e+00
 6.482831e+02	 7.121808e+00
 6.660846e+02	 6.985631e+00
 6.843750e+02	 6.851395e+00
 7.031676e+02	 6.719102e+00
 7.224762e+02	 6.588750e+00
 7.423150e+02	 6.460339e+00
 7.626986e+02	 6.333865e+00
 7.836419e+02	 6.209324e+00
 8.051603e+02	 6.086711e+00
 8.272696e+02	 5.966018e+00
 8.499860e+02	 5.847237e+00
 8.733262e+02	 5.730359e+00
 8.973072e+02	 5.615373e+00
 9.219468e+02	 5.502269e+00
 9.472630e+02	 5.391034e+00
 9.732744e+02	 5.281655e+00
 1.000000e+03	 5.174118e+00
 1.027459e+03	 5.068409e+00
 1.055673e+03	 4.964512e+00
 1.084661e+03	 4.862411e+00
 1.114445e+03	 4.762089e+00
 1.145048e+03	 4.663530e+00
 1.176490e+03	 4.566716e+00
 1.208796e+03	 4.471628e+00
 1.241989e+03	 4.378248e+00
 1.276093e+03	 4.286558e+00
 1.311134e+03	 4.196537e+00
 1.347137e+03	 4.108166e+00
 1.384129e+03	 4.021425e+00
 1.422136e+03	 3.936294e+00
 1.461187e+03	 3.852752e+00
 1.501311e+03	 3.770780e+00
 1.542536e+03	 3.690356e+00
 1.584893e+03	 3.611458e+00
 1.628414e+03	 3.534067e+00
 1.673129e+03	 3.458162e+00
 1.719072e+03	 3.383720e+00
 1.766277e+03	 3.310721e+00
 1.814778e+03	 3.239144e+00
 1.864611e+03	 3.168966e+00
 1.915812e+03	 3.100169e+00
 1.968419e+03	 3.032729e+00
 2.022471e+03	 2.966625e+00
 2.078007e+03	 2.901838e+00
 2.135068e+03	 2.838346e+00
 2.193696e+03	 2.776127e+00
 2.253934e+03	 2.715162e+00
 2.315826e+03	 2.655430e+00
 2.379417e+03	 2.596909e+00
 2.444755e+03	 2.539580e+00
 2.511886e+03	 2.483423e+00
 2.580862e+03	 2.428417e+00
 2.651731e+03	 2.374543e+00
 2.724546e+03	 2.321781e+00
 2.799360e+03	 2.270111e+00
 2.876229e+03	 2.219514e+00
 2.955209e+03	 2.169971e+00
 3.036358e+03	 2.121463e+00
 3.119735e+03	 2.073971e+00
 3.205401e+03	 2.027476e+00
 3.293420e+03	 1.981962e+00
 3.383855e+03	 1.937408e+00
 3.476774e+03	 1.893798e+00
 3.572245e+03	 1.851114e+00
 3.670336e+03	 1.809339e+00
 3.771122e+03	 1.768454e+00
 3.874675e+03	 1.728444e+00
 3.981072e+03	 1.689292e+00
 4.090390e+03	 1.650981e+00
 4.202710e+03	 1.613494e+00
 4.318114e+03	 1.576817e+00
 4.436687e+03	 1.540933e+00
 4.558516e+03	 1.505826e+00
 4.683691e+03	 1.471481e+00
 4.812303e+03	 1.437884e+00
 4.944446e+03	 1.405019e+00
 5.080218e+03	 1.372872e+00
 5.219718e+03	 1.341429e+00
 5.363049e+03	 1.310675e+00
 5.510316e+03	 1.280596e+00
 5.661626e+03	 1.251179e+00
 5.817091e+03	 1.222410e+00
 5.976826e+03	 1.194276e+00
 6.140946e+03	 1.166765e+00
 6.309573e+03	 1.139862e+00
 6.482831e+03	 1.113557e+00
 6.660846e+03	 1.087836e+00
 6.843750e+03	 1.062687e+00
 7.031676e+03	 1.038099e+00
 7.224762e+03	 1.014059e+00
 7.423150e+03	 9.905570e-01
 7.626986e+03	 9.675807e-01
 7.836419e+03	 9.451194e-01
 8.051603e+03	 9.231623e-01
 8.272696e+03	 9.016985e-01
 8.499860e+03	 8.807178e-01
 8.733262e+03	 8.602098e-01
 8.973072e+03	 8.401645e-01
 9.219468e+03	 8.205719e-01
 9.472630e+03	 8.014225e-01
 9.732744e+03	 7.827066e-01
 1.000000e+04	 7.644150e-01
