 1.000000e+01	 1.456452e+00
 1.027459e+01	 1.577776e+00
 1.055673e+01	 1.699199e+00
 1.084661e+01	 1.820495e+00
 1.114445e+01	 1.946995e+00
 1.145048e+01	 2.116292e+00
 1.176490e+01	 2.287784e+00
 1.208796e+01	 2.460941e+00
 1.241989e+01	 2.643726e+00
 1.276093e+01	 2.861602e+00
 1.311134e+01	 3.082239e+00
 1.347137e+01	 3.304927e+00
 1.384129e+01	 3.543370e+00
 1.422136e+01	 3.832479e+00
 1.461187e+01	 4.142149e+00
 1.501311e+01	 4.455538e+00
 1.542536e+01	 4.772670e+00
 1.584893e+01	 5.126588e+00
 1.628414e+01	 5.506940e+00
 1.673129e+01	 5.890413e+00
 1.719072e+01	 6.275789e+00
 1.766277e+01	 6.661944e+00
 1.814778e+01	 7.090741e+00
 1.864611e+01	 7.531625e+00
 1.915812e+01	 7.973098e+00
 1.968419e+01	 8.413944e+00
 2.022471e+01	 8.853043e+00
 2.078007e+01	 9.289369e+00
 2.135068e+01	 9.721974e+00
 2.193696e+01	 1.014999e+01
 2.253934e+01	 1.057262e+01
 2.315826e+01	 1.100499e+01
 2.379417e+01	 1.143294e+01
 2.444755e+01	 1.185772e+01
 2.511886e+01	 1.228720e+01
 2.580862e+01	 1.270963e+01
 2.651731e+01	 1.312432e+01
 2.724546e+01	 1.353065e+01
 2.799360e+01	 1.392804e+01
 2.876229e+01	 1.431600e+01
 2.955209e+01	 1.469404e+01
 3.036358e+01	 1.506175e+01
 3.119735e+01	 1.541877e+01
 3.205401e+01	 1.576476e+01
 3.293420e+01	 1.610827e+01
 3.383855e+01	 1.644931e+01
 3.476774e+01	 1.677945e+01
 3.572245e+01	 1.709836e+01
 3.670336e+01	 1.740575e+01
 3.771122e+01	 1.770137e+01
 3.874675e+01	 1.798501e+01
 3.981072e+01	 1.825650e+01
 4.090390e+01	 1.851569e+01
 4.202710e+01	 1.876246e+01
 4.318114e+01	 1.899674e+01
 4.436687e+01	 1.921845e+01
 4.558516e+01	 1.942756e+01
 4.683691e+01	 1.962407e+01
 4.812303e+01	 1.980798e+01
 4.944446e+01	 1.997931e+01
 5.080218e+01	 2.013813e+01
 5.219718e+01	 2.028450e+01
 5.363049e+01	 2.041851e+01
 5.510316e+01	 2.054026e+01
 5.661626e+01	 2.064986e+01
 5.817091e+01	 2.074745e+01
 5.976826e+01	 2.083318e+01
 6.140946e+01	 2.090720e+01
 6.309573e+01	 2.096968e+01
 6.482831e+01	 2.102081e+01
 6.660846e+01	 2.106078e+01
 6.843750e+01	 2.108978e+01
 7.031676e+01	 2.110804e+01
 7.224762e+01	 2.111576e+01
 7.423150e+01	 2.111317e+01
 7.626986e+01	 2.110050e+01
 7.836419e+01	 2.107800e+01
 8.051603e+01	 2.104590e+01
 8.272696e+01	 2.100446e+01
 8.499860e+01	 2.095393e+01
 8.733262e+01	 2.089457e+01
 8.973072e+01	 2.082664e+01
 9.219468e+01	 2.075040e+01
 9.472630e+01	 2.066611e+01
 9.732744e+01	 2.057405e+01
 1.000000e+02	 2.047448e+01
 1.027459e+02	 2.036768e+01
 1.055673e+02	 2.025391e+01
 1.084661e+02	 2.013344e+01
 1.114445e+02	 2.000654e+01
 1.145048e+02	 1.987349e+01
 1.176490e+02	 1.973454e+01
 1.208796e+02	 1.958997e+01
 1.241989e+02	 1.944003e+01
 1.276093e+02	 1.928499e+01
 1.311134e+02	 1.912511e+01
 1.347137e+02	 1.896065e+01
 1.384129e+02	 1.879184e+01
 1.422136e+02	 1.861896e+01
 1.461187e+02	 1.844223e+01
 1.501311e+02	 1.826191e+01
 1.542536e+02	 1.807822e+01
 1.584893e+02	 1.789141e+01
 1.628414e+02	 1.770170e+01
 1.673129e+02	 1.750931e+01
 1.719072e+02	 1.731447e+01
 1.766277e+02	 1.711738e+01
 1.814778e+02	 1.691826e+01
 1.864611e+02	 1.671731e+01
 1.915812e+02	 1.651473e+01
 1.968419e+02	 1.631071e+01
 2.022471e+02	 1.610543e+01
 2.078007e+02	 1.589909e+01
 2.135068e+02	 1.569185e+01
 2.193696e+02	 1.548389e+01
 2.253934e+02	 1.527538e+01
 2.315826e+02	 1.506647e+01
 2.379417e+02	 1.485731e+01
 2.444755e+02	 1.464806e+01
 2.511886e+02	 1.443886e+01
 2.580862e+02	 1.422985e+01
 2.651731e+02	 1.402116e+01
 2.724546e+02	 1.381291e+01
 2.799360e+02	 1.360523e+01
 2.876229e+02	 1.339823e+01
 2.955209e+02	 1.319203e+01
 3.036358e+02	 1.298673e+01
 3.119735e+02	 1.278259e+01
 3.205401e+02	 1.257960e+01
 3.293420e+02	 1.237781e+01
 3.383855e+02	 1.217731e+01
 3.476774e+02	 1.197817e+01
 3.572245e+02	 1.178048e+01
 3.670336e+02	 1.158429e+01
 3.771122e+02	 1.138969e+01
 3.874675e+02	 1.119672e+01
 3.981072e+02	 1.100547e+01
 4.090390e+02	 1.081596e+01
 4.202710e+02	 1.062827e+01
 4.318114e+02	 1.044251e+01
 4.436687e+02	 1.025869e+01
 4.558516e+02	 1.007682e+01
 4.683691e+02	 9.896927e+00
 4.812303e+02	 9.719054e+00
 4.944446e+02	 9.543229e+00
 5.080218e+02	 9.369480e+00
 5.219718e+02	 9.197830e+00
 5.363049e+02	 9.028302e+00
 5.510316e+02	 8.860915e+00
 5.661626e+02	 8.695685e+00
 5.817091e+02	 8.532627e+00
 5.976826e+02	 8.371751e+00
 6.140946e+02	 8.213067e+00
 6.309573e+02	 8.056583e+00
 6.482831e+02	 7.902304e+00
 6.660846e+02	 7.750232e+00
 6.843750e+02	 7.600370e+00
 7.031676e+02	 7.452716e+00
 7.224762e+02	 7.307269e+00
 7.423150e+02	 7.164024e+00
 7.626986e+02	 7.022975e+00
 7.836419e+02	 6.884118e+00
 8.051603e+02	 6.747441e+00
 8.272696e+02	 6.612937e+00
 8.499860e+02	 6.480595e+00
 8.733262e+02	 6.350402e+00
 8.973072e+02	 6.222345e+00
 9.219468e+02	 6.096410e+00
 9.472630e+02	 5.972582e+00
 9.732744e+02	 5.850845e+00
 1.000000e+03	 5.731182e+00
 1.027459e+03	 5.613575e+00
 1.055673e+03	 5.498007e+00
 1.084661e+03	 5.384457e+00
 1.114445e+03	 5.272907e+00
 1.145048e+03	 5.163336e+00
 1.176490e+03	 5.055724e+00
 1.208796e+03	 4.950048e+00
 1.241989e+03	 4.846287e+00
 1.276093e+03	 4.744420e+00
 1.311134e+03	 4.644424e+00
 1.347137e+03	 4.546276e+00
 1.384129e+03	 4.449952e+00
 1.422136e+03	 4.355431e+00
 1.461187e+03	 4.262687e+00
 1.501311e+03	 4.171698e+00
 1.542536e+03	 4.082440e+00
 1.584893e+03	 3.994889e+00
 1.628414e+03	 3.909021e+00
 1.673129e+03	 3.824811e+00
 1.719072e+03	 3.742236e+00
 1.766277e+03	 3.661271e+00
 1.814778e+03	 3.581893e+00
 1.864611e+03	 3.504077e+00
 1.915812e+03	 3.427799e+00
 1.968419e+03	 3.353035e+00
 2.022471e+03	 3.279761e+00
 2.078007e+03	 3.207954e+00
 2.135068e+03	 3.137589e+00
 2.193696e+03	 3.068643e+00
 2.253934e+03	 3.001094e+00
 2.315826e+03	 2.934916e+00
 2.379417e+03	 2.870088e+00
 2.444755e+03	 2.806586e+00
 2.511886e+03	 2.744387e+00
 2.580862e+03	 2.683470e+00
 2.651731e+03	 2.623811e+00
 2.724546e+03	 2.565388e+00
 2.799360e+03	 2.508180e+00
 2.876229e+03	 2.452165e+00
 2.955209e+03	 2.397321e+00
 3.036358e+03	 2.343627e+00
 3.119735e+03	 2.291062e+00
 3.205401e+03	 2.239606e+00
 3.293420e+03	 2.189237e+00
 3.383855e+03	 2.139936e+00
 3.476774e+03	 2.091683e+00
 3.572245e+03	 2.044457e+00
 3.670336e+03	 1.998240e+00
 3.771122e+03	 1.953012e+00
 3.874675e+03	 1.908755e+00
 3.981072e+03	 1.865448e+00
 4.090390e+03	 1.823075e+00
 4.202710e+03	 1.781618e+00
 4.318114e+03	 1.741057e+00
 4.436687e+03	 1.701376e+00
 4.558516e+03	 1.662557e+00
 4.683691e+03	 1.624583e+00
 4.812303e+03	 1.587438e+00
 4.944446e+03	 1.551104e+00
 5.080218e+03	 1.515566e+00
 5.219718e+03	 1.480808e+00
 5.363049e+03	 1.446813e+00
 5.510316e+03	 1.413567e+00
 5.661626e+03	 1.381054e+00
 5.817091e+03	 1.349259e+00
 5.976826e+03	 1.318168e+00
 6.140946e+03	 1.287765e+00
 6.309573e+03	 1.258038e+00
 6.482831e+03	 1.228971e+00
 6.660846e+03	 1.200551e+00
 6.843750e+03	 1.172765e+00
 7.031676e+03	 1.145599e+00
 7.224762e+03	 1.119041e+00
 7.423150e+03	 1.093078e+00
 7.626986e+03	 1.067697e+00
 7.836419e+03	 1.042885e+00
 8.051603e+03	 1.018632e+00
 8.272696e+03	 9.949246e-01
 8.499860e+03	 9.717515e-01
 8.733262e+03	 9.491015e-01
 8.973072e+03	 9.269633e-01
 9.219468e+03	 9.053261e-01
 9.472630e+03	 8.841789e-01
 9.732744e+03	 8.635113e-01
 1.000000e+04	 8.433130e-01
