 1.000000e+01	 0.000000e+00
 1.027459e+01	 2.180532e-02
 1.055673e+01	 2.160488e-01
 1.084661e+01	 4.655513e-01
 1.114445e+01	 7.276347e-01
 1.145048e+01	 1.000614e+00
 1.176490e+01	 1.282930e+00
 1.208796e+01	 1.573142e+00
 1.241989e+01	 1.869919e+00
 1.276093e+01	 2.172030e+00
 1.311134e+01	 2.478340e+00
 1.347137e+01	 2.813174e+00
 1.384129e+01	 3.204667e+00
 1.422136e+01	 3.601862e+00
 1.461187e+01	 4.003342e+00
 1.501311e+01	 4.407799e+00
 1.542536e+01	 4.845169e+00
 1.584893e+01	 5.327729e+00
 1.628414e+01	 5.813810e+00
 1.673129e+01	 6.301893e+00
 1.719072e+01	 6.790579e+00
 1.766277e+01	 7.278578e+00
 1.814778e+01	 7.764704e+00
 1.864611e+01	 8.247866e+00
 1.915812e+01	 8.727061e+00
 1.968419e+01	 9.201370e+00
 2.022471e+01	 9.669947e+00
 2.078007e+01	 1.014769e+01
 2.135068e+01	 1.064266e+01
 2.193696e+01	 1.113188e+01
 2.253934e+01	 1.161444e+01
 2.315826e+01	 1.208952e+01
 2.379417e+01	 1.255640e+01
 2.444755e+01	 1.301438e+01
 2.511886e+01	 1.346286e+01
 2.580862e+01	 1.390127e+01
 2.651731e+01	 1.432912e+01
 2.724546e+01	 1.476382e+01
 2.799360e+01	 1.519606e+01
 2.876229e+01	 1.561779e+01
 2.955209e+01	 1.602848e+01
 3.036358e+01	 1.642767e+01
 3.119735e+01	 1.681494e+01
 3.205401e+01	 1.718993e+01
 3.293420e+01	 1.755231e+01
 3.383855e+01	 1.790181e+01
 3.476774e+01	 1.823819e+01
 3.572245e+01	 1.856123e+01
 3.670336e+01	 1.887077e+01
 3.771122e+01	 1.916667e+01
 3.874675e+01	 1.944883e+01
 3.981072e+01	 1.971717e+01
 4.090390e+01	 1.997164e+01
 4.202710e+01	 2.021221e+01
 4.318114e+01	 2.043889e+01
 4.436687e+01	 2.065169e+01
 4.558516e+01	 2.085067e+01
 4.683691e+01	 2.103588e+01
 4.812303e+01	 2.120740e+01
 4.944446e+01	 2.136535e+01
 5.080218e+01	 2.150983e+01
 5.219718e+01	 2.164098e+01
 5.363049e+01	 2.175896e+01
 5.510316e+01	 2.186391e+01
 5.661626e+01	 2.195603e+01
 5.817091e+01	 2.203549e+01
 5.976826e+01	 2.210250e+01
 6.140946e+01	 2.215727e+01
 6.309573e+01	 2.220002e+01
 6.482831e+01	 2.223098e+01
 6.660846e+01	 2.225038e+01
 6.843750e+01	 2.225848e+01
 7.031676e+01	 2.225553e+01
 7.224762e+01	 2.224179e+01
 7.423150e+01	 2.221752e+01
 7.626986e+01	 2.218300e+01
 7.836419e+01	 2.213849e+01
 8.051603e+01	 2.208429e+01
 8.272696e+01	 2.202067e+01
 8.499860e+01	 2.194792e+01
 8.733262e+01	 2.186633e+01
 8.973072e+01	 2.177619e+01
 9.219468e+01	 2.167779e+01
 9.472630e+01	 2.157142e+01
 9.732744e+01	 2.145738e+01
 1.000000e+02	 2.133596e+01
 1.027459e+02	 2.120745e+01
 1.055673e+02	 2.107214e+01
 1.084661e+02	 2.093033e+01
 1.114445e+02	 2.078230e+01
 1.145048e+02	 2.062833e+01
 1.176490e+02	 2.046871e+01
 1.208796e+02	 2.030373e+01
 1.241989e+02	 2.013365e+01
 1.276093e+02	 1.995876e+01
 1.311134e+02	 1.977932e+01
 1.347137e+02	 1.959560e+01
 1.384129e+02	 1.940787e+01
 1.422136e+02	 1.921637e+01
 1.461187e+02	 1.902137e+01
 1.501311e+02	 1.882488e+01
 1.542536e+02	 1.862563e+01
 1.584893e+02	 1.842370e+01
 1.628414e+02	 1.821931e+01
 1.673129e+02	 1.801268e+01
 1.719072e+02	 1.780402e+01
 1.766277e+02	 1.759352e+01
 1.814778e+02	 1.738140e+01
 1.864611e+02	 1.716784e+01
 1.915812e+02	 1.695303e+01
 1.968419e+02	 1.673717e+01
 2.022471e+02	 1.652042e+01
 2.078007e+02	 1.630324e+01
 2.135068e+02	 1.608563e+01
 2.193696e+02	 1.586767e+01
 2.253934e+02	 1.564951e+01
 2.315826e+02	 1.543129e+01
 2.379417e+02	 1.521316e+01
 2.444755e+02	 1.499525e+01
 2.511886e+02	 1.477771e+01
 2.580862e+02	 1.456065e+01
 2.651731e+02	 1.434420e+01
 2.724546e+02	 1.412848e+01
 2.799360e+02	 1.391359e+01
 2.876229e+02	 1.369965e+01
 2.955209e+02	 1.348676e+01
 3.036358e+02	 1.327501e+01
 3.119735e+02	 1.306464e+01
 3.205401e+02	 1.285566e+01
 3.293420e+02	 1.264810e+01
 3.383855e+02	 1.244203e+01
 3.476774e+02	 1.223753e+01
 3.572245e+02	 1.203466e+01
 3.670336e+02	 1.183349e+01
 3.771122e+02	 1.163408e+01
 3.874675e+02	 1.143648e+01
 3.981072e+02	 1.124075e+01
 4.090390e+02	 1.104693e+01
 4.202710e+02	 1.085507e+01
 4.318114e+02	 1.066521e+01
 4.436687e+02	 1.047738e+01
 4.558516e+02	 1.029163e+01
 4.683691e+02	 1.010798e+01
 4.812303e+02	 9.926462e+00
 4.944446e+02	 9.747101e+00
 5.080218e+02	 9.569919e+00
 5.219718e+02	 9.394937e+00
 5.363049e+02	 9.222171e+00
 5.510316e+02	 9.051635e+00
 5.661626e+02	 8.883343e+00
 5.817091e+02	 8.717303e+00
 5.976826e+02	 8.553524e+00
 6.140946e+02	 8.392010e+00
 6.309573e+02	 8.232767e+00
 6.482831e+02	 8.075794e+00
 6.660846e+02	 7.921092e+00
 6.843750e+02	 7.768659e+00
 7.031676e+02	 7.618492e+00
 7.224762e+02	 7.470584e+00
 7.423150e+02	 7.324929e+00
 7.626986e+02	 7.181520e+00
 7.836419e+02	 7.040346e+00
 8.051603e+02	 6.901398e+00
 8.272696e+02	 6.764662e+00
 8.499860e+02	 6.630127e+00
 8.733262e+02	 6.497778e+00
 8.973072e+02	 6.367599e+00
 9.219468e+02	 6.239576e+00
 9.472630e+02	 6.113692e+00
 9.732744e+02	 5.989928e+00
 1.000000e+03	 5.868266e+00
 1.027459e+03	 5.748688e+00
 1.055673e+03	 5.631174e+00
 1.084661e+03	 5.515703e+00
 1.114445e+03	 5.402255e+00
 1.145048e+03	 5.290809e+00
 1.176490e+03	 5.181343e+00
 1.208796e+03	 5.073834e+00
 1.241989e+03	 4.968261e+00
 1.276093e+03	 4.864601e+00
 1.311134e+03	 4.762830e+00
 1.347137e+03	 4.662925e+00
 1.384129e+03	 4.564863e+00
 1.422136e+03	 4.468621e+00
 1.461187e+03	 4.374173e+00
 1.501311e+03	 4.281496e+00
 1.542536e+03	 4.190567e+00
 1.584893e+03	 4.101360e+00
 1.628414e+03	 4.013852e+00
 1.673129e+03	 3.928018e+00
 1.719072e+03	 3.843834e+00
 1.766277e+03	 3.761276e+00
 1.814778e+03	 3.680320e+00
 1.864611e+03	 3.600941e+00
 1.915812e+03	 3.523115e+00
 1.968419e+03	 3.446818e+00
 2.022471e+03	 3.372026e+00
 2.078007e+03	 3.298716e+00
 2.135068e+03	 3.226864e+00
 2.193696e+03	 3.156446e+00
 2.253934e+03	 3.087443e+00
 2.315826e+03	 3.019827e+00
 2.379417e+03	 2.953576e+00
 2.444755e+03	 2.888666e+00
 2.511886e+03	 2.825076e+00
 2.580862e+03	 2.762781e+00
 2.651731e+03	 2.701761e+00
 2.724546e+03	 2.641992e+00
 2.799360e+03	 2.583454e+00
 2.876229e+03	 2.526123e+00
 2.955209e+03	 2.469980e+00
 3.036358e+03	 2.415002e+00
 3.119735e+03	 2.361169e+00
 3.205401e+03	 2.308460e+00
 3.293420e+03	 2.256854e+00
 3.383855e+03	 2.206331e+00
 3.476774e+03	 2.156872e+00
 3.572245e+03	 2.108456e+00
 3.670336e+03	 2.061065e+00
 3.771122e+03	 2.014678e+00
 3.874675e+03	 1.969277e+00
 3.981072e+03	 1.924843e+00
 4.090390e+03	 1.881358e+00
 4.202710e+03	 1.838804e+00
 4.318114e+03	 1.797162e+00
 4.436687e+03	 1.756415e+00
 4.558516e+03	 1.716547e+00
 4.683691e+03	 1.677538e+00
 4.812303e+03	 1.639374e+00
 4.944446e+03	 1.602036e+00
 5.080218e+03	 1.565510e+00
 5.219718e+03	 1.529778e+00
 5.363049e+03	 1.494825e+00
 5.510316e+03	 1.460635e+00
 5.661626e+03	 1.427193e+00
 5.817091e+03	 1.394485e+00
 5.976826e+03	 1.362494e+00
 6.140946e+03	 1.331207e+00
 6.309573e+03	 1.300610e+00
 6.482831e+03	 1.270687e+00
 6.660846e+03	 1.241426e+00
 6.843750e+03	 1.212813e+00
 7.031676e+03	 1.184834e+00
 7.224762e+03	 1.157476e+00
 7.423150e+03	 1.130727e+00
 7.626986e+03	 1.104574e+00
 7.836419e+03	 1.079004e+00
 8.051603e+03	 1.054005e+00
 8.272696e+03	 1.029566e+00
 8.499860e+03	 1.005674e+00
 8.733262e+03	 9.823176e-01
 8.973072e+03	 9.594861e-01
 9.219468e+03	 9.371679e-01
 9.472630e+03	 9.153524e-01
 9.732744e+03	 8.940287e-01
 1.000000e+04	 8.731864e-01
