 1.000000e+01	 2.719354e-01
 1.027459e+01	 5.532350e-01
 1.055673e+01	 8.484405e-01
 1.084661e+01	 1.155683e+00
 1.114445e+01	 1.473234e+00
 1.145048e+01	 1.799495e+00
 1.176490e+01	 2.132990e+00
 1.208796e+01	 2.472354e+00
 1.241989e+01	 2.865146e+00
 1.276093e+01	 3.415462e+00
 1.311134e+01	 3.979323e+00
 1.347137e+01	 4.554193e+00
 1.384129e+01	 5.137729e+00
 1.422136e+01	 5.727771e+00
 1.461187e+01	 6.322325e+00
 1.501311e+01	 6.919551e+00
 1.542536e+01	 7.554823e+00
 1.584893e+01	 8.306832e+00
 1.628414e+01	 9.121291e+00
 1.673129e+01	 9.942681e+00
 1.719072e+01	 1.076823e+01
 1.766277e+01	 1.163055e+01
 1.814778e+01	 1.251240e+01
 1.864611e+01	 1.339413e+01
 1.915812e+01	 1.427336e+01
 1.968419e+01	 1.514791e+01
 2.022471e+01	 1.601577e+01
 2.078007e+01	 1.687511e+01
 2.135068e+01	 1.772423e+01
 2.193696e+01	 1.856161e+01
 2.253934e+01	 1.938915e+01
 2.315826e+01	 2.023148e+01
 2.379417e+01	 2.106003e+01
 2.444755e+01	 2.187349e+01
 2.511886e+01	 2.267068e+01
 2.580862e+01	 2.345051e+01
 2.651731e+01	 2.421628e+01
 2.724546e+01	 2.498407e+01
 2.799360e+01	 2.573324e+01
 2.876229e+01	 2.647395e+01
 2.955209e+01	 2.720672e+01
 3.036358e+01	 2.793592e+01
 3.119735e+01	 2.864996e+01
 3.205401e+01	 2.934363e+01
 3.293420e+01	 3.001615e+01
 3.383855e+01	 3.066683e+01
 3.476774e+01	 3.129505e+01
 3.572245e+01	 3.190030e+01
 3.670336e+01	 3.248212e+01
 3.771122e+01	 3.304013e+01
 3.874675e+01	 3.357403e+01
 3.981072e+01	 3.408357e+01
 4.090390e+01	 3.456856e+01
 4.202710e+01	 3.502886e+01
 4.318114e+01	 3.546440e+01
 4.436687e+01	 3.587514e+01
 4.558516e+01	 3.626109e+01
 4.683691e+01	 3.662232e+01
 4.812303e+01	 3.695892e+01
 4.944446e+01	 3.727102e+01
 5.080218e+01	 3.755879e+01
 5.219718e+01	 3.782244e+01
 5.363049e+01	 3.806220e+01
 5.510316e+01	 3.827834e+01
 5.661626e+01	 3.847113e+01
 5.817091e+01	 3.864091e+01
 5.976826e+01	 3.878800e+01
 6.140946e+01	 3.891277e+01
 6.309573e+01	 3.901560e+01
 6.482831e+01	 3.909689e+01
 6.660846e+01	 3.915705e+01
 6.843750e+01	 3.919652e+01
 7.031676e+01	 3.921574e+01
 7.224762e+01	 3.921518e+01
 7.423150e+01	 3.919530e+01
 7.626986e+01	 3.915658e+01
 7.836419e+01	 3.909953e+01
 8.051603e+01	 3.902463e+01
 8.272696e+01	 3.893240e+01
 8.499860e+01	 3.882334e+01
 8.733262e+01	 3.869797e+01
 8.973072e+01	 3.855682e+01
 9.219468e+01	 3.840040e+01
 9.472630e+01	 3.822925e+01
 9.732744e+01	 3.804389e+01
 1.000000e+02	 3.784485e+01
 1.027459e+02	 3.763265e+01
 1.055673e+02	 3.740782e+01
 1.084661e+02	 3.717088e+01
 1.114445e+02	 3.692236e+01
 1.145048e+02	 3.666276e+01
 1.176490e+02	 3.639261e+01
 1.208796e+02	 3.611241e+01
 1.241989e+02	 3.582265e+01
 1.276093e+02	 3.552384e+01
 1.311134e+02	 3.521647e+01
 1.347137e+02	 3.490102e+01
 1.384129e+02	 3.457796e+01
 1.422136e+02	 3.424776e+01
 1.461187e+02	 3.391088e+01
 1.501311e+02	 3.356778e+01
 1.542536e+02	 3.321888e+01
 1.584893e+02	 3.286463e+01
 1.628414e+02	 3.250544e+01
 1.673129e+02	 3.214173e+01
 1.719072e+02	 3.177391e+01
 1.766277e+02	 3.140236e+01
 1.814778e+02	 3.102746e+01
 1.864611e+02	 3.064960e+01
 1.915812e+02	 3.026912e+01
 1.968419e+02	 2.988639e+01
 2.022471e+02	 2.950174e+01
 2.078007e+02	 2.911549e+01
 2.135068e+02	 2.872798e+01
 2.193696e+02	 2.833951e+01
 2.253934e+02	 2.795037e+01
 2.315826e+02	 2.756085e+01
 2.379417e+02	 2.717123e+01
 2.444755e+02	 2.678177e+01
 2.511886e+02	 2.639273e+01
 2.580862e+02	 2.600436e+01
 2.651731e+02	 2.561688e+01
 2.724546e+02	 2.523053e+01
 2.799360e+02	 2.484551e+01
 2.876229e+02	 2.446203e+01
 2.955209e+02	 2.408029e+01
 3.036358e+02	 2.370048e+01
 3.119735e+02	 2.332345e+01
 3.205401e+02	 2.294905e+01
 3.293420e+02	 2.257713e+01
 3.383855e+02	 2.220782e+01
 3.476774e+02	 2.184127e+01
 3.572245e+02	 2.147759e+01
 3.670336e+02	 2.111692e+01
 3.771122e+02	 2.075935e+01
 3.874675e+02	 2.040500e+01
 3.981072e+02	 2.005396e+01
 4.090390e+02	 1.970632e+01
 4.202710e+02	 1.936216e+01
 4.318114e+02	 1.902158e+01
 4.436687e+02	 1.868462e+01
 4.558516e+02	 1.835137e+01
 4.683691e+02	 1.802189e+01
 4.812303e+02	 1.769621e+01
 4.944446e+02	 1.737440e+01
 5.080218e+02	 1.705650e+01
 5.219718e+02	 1.674255e+01
 5.363049e+02	 1.643257e+01
 5.510316e+02	 1.612661e+01
 5.661626e+02	 1.582467e+01
 5.817091e+02	 1.552679e+01
 5.976826e+02	 1.523298e+01
 6.140946e+02	 1.494325e+01
 6.309573e+02	 1.465760e+01
 6.482831e+02	 1.437606e+01
 6.660846e+02	 1.409860e+01
 6.843750e+02	 1.382524e+01
 7.031676e+02	 1.355597e+01
 7.224762e+02	 1.329077e+01
 7.423150e+02	 1.302965e+01
 7.626986e+02	 1.277258e+01
 7.836419e+02	 1.251955e+01
 8.051603e+02	 1.227053e+01
 8.272696e+02	 1.202552e+01
 8.499860e+02	 1.178448e+01
 8.733262e+02	 1.154740e+01
 8.973072e+02	 1.131424e+01
 9.219468e+02	 1.108498e+01
 9.472630e+02	 1.085958e+01
 9.732744e+02	 1.063802e+01
 1.000000e+03	 1.042026e+01
 1.027459e+03	 1.020626e+01
 1.055673e+03	 9.996003e+00
 1.084661e+03	 9.789437e+00
 1.114445e+03	 9.586528e+00
 1.145048e+03	 9.387238e+00
 1.176490e+03	 9.191528e+00
 1.208796e+03	 8.999356e+00
 1.241989e+03	 8.810683e+00
 1.276093e+03	 8.625466e+00
 1.311134e+03	 8.443663e+00
 1.347137e+03	 8.265232e+00
 1.384129e+03	 8.090130e+00
 1.422136e+03	 7.918312e+00
 1.461187e+03	 7.749737e+00
 1.501311e+03	 7.584358e+00
 1.542536e+03	 7.422133e+00
 1.584893e+03	 7.263017e+00
 1.628414e+03	 7.106965e+00
 1.673129e+03	 6.953933e+00
 1.719072e+03	 6.803877e+00
 1.766277e+03	 6.656751e+00
 1.814778e+03	 6.512512e+00
 1.864611e+03	 6.371114e+00
 1.915812e+03	 6.232515e+00
 1.968419e+03	 6.096669e+00
 2.022471e+03	 5.963533e+00
 2.078007e+03	 5.833063e+00
 2.135068e+03	 5.705215e+00
 2.193696e+03	 5.579947e+00
 2.253934e+03	 5.457216e+00
 2.315826e+03	 5.336978e+00
 2.379417e+03	 5.219193e+00
 2.444755e+03	 5.103817e+00
 2.511886e+03	 4.990809e+00
 2.580862e+03	 4.880128e+00
 2.651731e+03	 4.771733e+00
 2.724546e+03	 4.665584e+00
 2.799360e+03	 4.561641e+00
 2.876229e+03	 4.459865e+00
 2.955209e+03	 4.360215e+00
 3.036358e+03	 4.262654e+00
 3.119735e+03	 4.167143e+00
 3.205401e+03	 4.073645e+00
 3.293420e+03	 3.982122e+00
 3.383855e+03	 3.892537e+00
 3.476774e+03	 3.804855e+00
 3.572245e+03	 3.719038e+00
 3.670336e+03	 3.635053e+00
 3.771122e+03	 3.552863e+00
 3.874675e+03	 3.472435e+00
 3.981072e+03	 3.393735e+00
 4.090390e+03	 3.316729e+00
 4.202710e+03	 3.241384e+00
 4.318114e+03	 3.167667e+00
 4.436687e+03	 3.095548e+00
 4.558516e+03	 3.024994e+00
 4.683691e+03	 2.955975e+00
 4.812303e+03	 2.888459e+00
 4.944446e+03	 2.822417e+00
 5.080218e+03	 2.757820e+00
 5.219718e+03	 2.694638e+00
 5.363049e+03	 2.632843e+00
 5.510316e+03	 2.572406e+00
 5.661626e+03	 2.513301e+00
 5.817091e+03	 2.455500e+00
 5.976826e+03	 2.398976e+00
 6.140946e+03	 2.343703e+00
 6.309573e+03	 2.289655e+00
 6.482831e+03	 2.236807e+00
 6.660846e+03	 2.185135e+00
 6.843750e+03	 2.134613e+00
 7.031676e+03	 2.085218e+00
 7.224762e+03	 2.036926e+00
 7.423150e+03	 1.989714e+00
 7.626986e+03	 1.943559e+00
 7.836419e+03	 1.898440e+00
 8.051603e+03	 1.854333e+00
 8.272696e+03	 1.811219e+00
 8.499860e+03	 1.769075e+00
 8.733262e+03	 1.727881e+00
 8.973072e+03	 1.687616e+00
 9.219468e+03	 1.648262e+00
 9.472630e+03	 1.609798e+00
 9.732744e+03	 1.572205e+00
 1.000000e+04	 1.535465e+00
