 1.000000e+01	 3.227811e+00
 1.027459e+01	 3.430829e+00
 1.055673e+01	 3.655488e+00
 1.084661e+01	 3.947655e+00
 1.114445e+01	 4.246906e+00
 1.145048e+01	 4.550423e+00
 1.176490e+01	 4.857310e+00
 1.208796e+01	 5.177029e+00
 1.241989e+01	 5.540453e+00
 1.276093e+01	 5.926471e+00
 1.311134e+01	 6.316775e+00
 1.347137e+01	 6.710263e+00
 1.384129e+01	 7.119398e+00
 1.422136e+01	 7.543547e+00
 1.461187e+01	 7.969591e+00
 1.501311e+01	 8.416606e+00
 1.542536e+01	 8.869855e+00
 1.584893e+01	 9.323612e+00
 1.628414e+01	 9.776905e+00
 1.673129e+01	 1.022883e+01
 1.719072e+01	 1.067856e+01
 1.766277e+01	 1.112532e+01
 1.814778e+01	 1.156838e+01
 1.864611e+01	 1.200709e+01
 1.915812e+01	 1.244083e+01
 1.968419e+01	 1.287144e+01
 2.022471e+01	 1.332877e+01
 2.078007e+01	 1.380101e+01
 2.135068e+01	 1.428388e+01
 2.193696e+01	 1.479234e+01
 2.253934e+01	 1.529739e+01
 2.315826e+01	 1.580005e+01
 2.379417e+01	 1.631036e+01
 2.444755e+01	 1.681518e+01
 2.511886e+01	 1.731358e+01
 2.580862e+01	 1.780469e+01
 2.651731e+01	 1.828771e+01
 2.724546e+01	 1.876192e+01
 2.799360e+01	 1.922664e+01
 2.876229e+01	 1.968127e+01
 2.955209e+01	 2.012524e+01
 3.036358e+01	 2.055806e+01
 3.119735e+01	 2.097926e+01
 3.205401e+01	 2.138842e+01
 3.293420e+01	 2.178518e+01
 3.383855e+01	 2.216919e+01
 3.476774e+01	 2.254639e+01
 3.572245e+01	 2.291556e+01
 3.670336e+01	 2.328104e+01
 3.771122e+01	 2.363874e+01
 3.874675e+01	 2.398601e+01
 3.981072e+01	 2.432030e+01
 4.090390e+01	 2.464132e+01
 4.202710e+01	 2.494879e+01
 4.318114e+01	 2.524250e+01
 4.436687e+01	 2.552225e+01
 4.558516e+01	 2.578788e+01
 4.683691e+01	 2.603927e+01
 4.812303e+01	 2.627633e+01
 4.944446e+01	 2.649897e+01
 5.080218e+01	 2.670717e+01
 5.219718e+01	 2.690090e+01
 5.363049e+01	 2.708018e+01
 5.510316e+01	 2.724503e+01
 5.661626e+01	 2.739550e+01
 5.817091e+01	 2.753167e+01
 5.976826e+01	 2.765364e+01
 6.140946e+01	 2.776149e+01
 6.309573e+01	 2.785538e+01
 6.482831e+01	 2.793543e+01
 6.660846e+01	 2.800181e+01
 6.843750e+01	 2.805469e+01
 7.031676e+01	 2.809425e+01
 7.224762e+01	 2.812071e+01
 7.423150e+01	 2.813425e+01
 7.626986e+01	 2.813512e+01
 7.836419e+01	 2.812354e+01
 8.051603e+01	 2.809976e+01
 8.272696e+01	 2.806402e+01
 8.499860e+01	 2.801660e+01
 8.733262e+01	 2.795775e+01
 8.973072e+01	 2.788776e+01
 9.219468e+01	 2.780690e+01
 9.472630e+01	 2.771546e+01
 9.732744e+01	 2.761374e+01
 1.000000e+02	 2.750203e+01
 1.027459e+02	 2.738064e+01
 1.055673e+02	 2.724986e+01
 1.084661e+02	 2.711001e+01
 1.114445e+02	 2.696139e+01
 1.145048e+02	 2.680432e+01
 1.176490e+02	 2.663910e+01
 1.208796e+02	 2.646606e+01
 1.241989e+02	 2.628551e+01
 1.276093e+02	 2.609775e+01
 1.311134e+02	 2.590310e+01
 1.347137e+02	 2.570187e+01
 1.384129e+02	 2.549437e+01
 1.422136e+02	 2.528091e+01
 1.461187e+02	 2.506179e+01
 1.501311e+02	 2.483732e+01
 1.542536e+02	 2.460779e+01
 1.584893e+02	 2.437350e+01
 1.628414e+02	 2.413473e+01
 1.673129e+02	 2.389178e+01
 1.719072e+02	 2.364494e+01
 1.766277e+02	 2.339447e+01
 1.814778e+02	 2.314065e+01
 1.864611e+02	 2.288375e+01
 1.915812e+02	 2.262404e+01
 1.968419e+02	 2.236176e+01
 2.022471e+02	 2.209718e+01
 2.078007e+02	 2.183053e+01
 2.135068e+02	 2.156206e+01
 2.193696e+02	 2.129201e+01
 2.253934e+02	 2.102059e+01
 2.315826e+02	 2.074802e+01
 2.379417e+02	 2.047454e+01
 2.444755e+02	 2.020033e+01
 2.511886e+02	 1.992561e+01
 2.580862e+02	 1.965057e+01
 2.651731e+02	 1.937539e+01
 2.724546e+02	 1.910027e+01
 2.799360e+02	 1.882537e+01
 2.876229e+02	 1.855086e+01
 2.955209e+02	 1.827692e+01
 3.036358e+02	 1.800368e+01
 3.119735e+02	 1.773144e+01
 3.205401e+02	 1.746029e+01
 3.293420e+02	 1.719029e+01
 3.383855e+02	 1.692157e+01
 3.476774e+02	 1.665426e+01
 3.572245e+02	 1.638848e+01
 3.670336e+02	 1.612433e+01
 3.771122e+02	 1.586192e+01
 3.874675e+02	 1.560136e+01
 3.981072e+02	 1.534273e+01
 4.090390e+02	 1.508614e+01
 4.202710e+02	 1.483165e+01
 4.318114e+02	 1.457940e+01
 4.436687e+02	 1.432948e+01
 4.558516e+02	 1.408190e+01
 4.683691e+02	 1.383672e+01
 4.812303e+02	 1.359401e+01
 4.944446e+02	 1.335382e+01
 5.080218e+02	 1.311619e+01
 5.219718e+02	 1.288118e+01
 5.363049e+02	 1.264883e+01
 5.510316e+02	 1.241917e+01
 5.661626e+02	 1.219228e+01
 5.817091e+02	 1.196817e+01
 5.976826e+02	 1.174686e+01
 6.140946e+02	 1.152837e+01
 6.309573e+02	 1.131270e+01
 6.482831e+02	 1.109989e+01
 6.660846e+02	 1.088995e+01
 6.843750e+02	 1.068288e+01
 7.031676e+02	 1.047870e+01
 7.224762e+02	 1.027741e+01
 7.423150e+02	 1.007902e+01
 7.626986e+02	 9.883517e+00
 7.836419e+02	 9.690912e+00
 8.051603e+02	 9.501199e+00
 8.272696e+02	 9.314370e+00
 8.499860e+02	 9.130419e+00
 8.733262e+02	 8.949335e+00
 8.973072e+02	 8.771108e+00
 9.219468e+02	 8.595725e+00
 9.472630e+02	 8.423171e+00
 9.732744e+02	 8.253430e+00
 1.000000e+03	 8.086484e+00
 1.027459e+03	 7.922315e+00
 1.055673e+03	 7.760903e+00
 1.084661e+03	 7.602226e+00
 1.114445e+03	 7.446262e+00
 1.145048e+03	 7.292987e+00
 1.176490e+03	 7.142378e+00
 1.208796e+03	 6.994410e+00
 1.241989e+03	 6.849056e+00
 1.276093e+03	 6.706290e+00
 1.311134e+03	 6.566084e+00
 1.347137e+03	 6.428410e+00
 1.384129e+03	 6.293241e+00
 1.422136e+03	 6.160546e+00
 1.461187e+03	 6.030297e+00
 1.501311e+03	 5.902463e+00
 1.542536e+03	 5.777015e+00
 1.584893e+03	 5.653921e+00
 1.628414e+03	 5.533151e+00
 1.673129e+03	 5.414673e+00
 1.719072e+03	 5.298457e+00
 1.766277e+03	 5.184472e+00
 1.814778e+03	 5.072685e+00
 1.864611e+03	 4.963064e+00
 1.915812e+03	 4.855580e+00
 1.968419e+03	 4.750199e+00
 2.022471e+03	 4.646889e+00
 2.078007e+03	 4.545621e+00
 2.135068e+03	 4.446361e+00
 2.193696e+03	 4.349078e+00
 2.253934e+03	 4.253741e+00
 2.315826e+03	 4.160320e+00
 2.379417e+03	 4.068781e+00
 2.444755e+03	 3.979096e+00
 2.511886e+03	 3.891232e+00
 2.580862e+03	 3.805160e+00
 2.651731e+03	 3.720849e+00
 2.724546e+03	 3.638270e+00
 2.799360e+03	 3.557391e+00
 2.876229e+03	 3.478184e+00
 2.955209e+03	 3.400620e+00
 3.036358e+03	 3.324668e+00
 3.119735e+03	 3.250302e+00
 3.205401e+03	 3.177491e+00
 3.293420e+03	 3.106209e+00
 3.383855e+03	 3.036427e+00
 3.476774e+03	 2.968117e+00
 3.572245e+03	 2.901253e+00
 3.670336e+03	 2.835808e+00
 3.771122e+03	 2.771754e+00
 3.874675e+03	 2.709067e+00
 3.981072e+03	 2.647720e+00
 4.090390e+03	 2.587687e+00
 4.202710e+03	 2.528944e+00
 4.318114e+03	 2.471466e+00
 4.436687e+03	 2.415228e+00
 4.558516e+03	 2.360206e+00
 4.683691e+03	 2.306376e+00
 4.812303e+03	 2.253716e+00
 4.944446e+03	 2.202201e+00
 5.080218e+03	 2.151810e+00
 5.219718e+03	 2.102520e+00
 5.363049e+03	 2.054309e+00
 5.510316e+03	 2.007155e+00
 5.661626e+03	 1.961037e+00
 5.817091e+03	 1.915935e+00
 5.976826e+03	 1.871827e+00
 6.140946e+03	 1.828693e+00
 6.309573e+03	 1.786514e+00
 6.482831e+03	 1.745270e+00
 6.660846e+03	 1.704941e+00
 6.843750e+03	 1.665509e+00
 7.031676e+03	 1.626955e+00
 7.224762e+03	 1.589262e+00
 7.423150e+03	 1.552410e+00
 7.626986e+03	 1.516383e+00
 7.836419e+03	 1.481163e+00
 8.051603e+03	 1.446733e+00
 8.272696e+03	 1.413076e+00
 8.499860e+03	 1.380177e+00
 8.733262e+03	 1.348019e+00
 8.973072e+03	 1.316586e+00
 9.219468e+03	 1.285864e+00
 9.472630e+03	 1.255836e+00
 9.732744e+03	 1.226488e+00
 1.000000e+04	 1.197805e+00
