 1.000000e+01	 8.395910e-01
 1.027459e+01	 9.360553e-01
 1.055673e+01	 1.033381e+00
 1.084661e+01	 1.131331e+00
 1.114445e+01	 1.229683e+00
 1.145048e+01	 1.328234e+00
 1.176490e+01	 1.458783e+00
 1.208796e+01	 1.598061e+00
 1.241989e+01	 1.766561e+00
 1.276093e+01	 1.982259e+00
 1.311134e+01	 2.230586e+00
 1.347137e+01	 2.496102e+00
 1.384129e+01	 2.767266e+00
 1.422136e+01	 3.080876e+00
 1.461187e+01	 3.438114e+00
 1.501311e+01	 3.802221e+00
 1.542536e+01	 4.171807e+00
 1.584893e+01	 4.545590e+00
 1.628414e+01	 4.952968e+00
 1.673129e+01	 5.424500e+00
 1.719072e+01	 5.961783e+00
 1.766277e+01	 6.522289e+00
 1.814778e+01	 7.089494e+00
 1.864611e+01	 7.661449e+00
 1.915812e+01	 8.236360e+00
 1.968419e+01	 8.812568e+00
 2.022471e+01	 9.388544e+00
 2.078007e+01	 9.962880e+00
 2.135068e+01	 1.053428e+01
 2.193696e+01	 1.110155e+01
 2.253934e+01	 1.166664e+01
 2.315826e+01	 1.223933e+01
 2.379417e+01	 1.280630e+01
 2.444755e+01	 1.338066e+01
 2.511886e+01	 1.394774e+01
 2.580862e+01	 1.450659e+01
 2.651731e+01	 1.506201e+01
 2.724546e+01	 1.562424e+01
 2.799360e+01	 1.618084e+01
 2.876229e+01	 1.672739e+01
 2.955209e+01	 1.726310e+01
 3.036358e+01	 1.778724e+01
 3.119735e+01	 1.829918e+01
 3.205401e+01	 1.879832e+01
 3.293420e+01	 1.928413e+01
 3.383855e+01	 1.975614e+01
 3.476774e+01	 2.021393e+01
 3.572245e+01	 2.065713e+01
 3.670336e+01	 2.108540e+01
 3.771122e+01	 2.149846e+01
 3.874675e+01	 2.190292e+01
 3.981072e+01	 2.229700e+01
 4.090390e+01	 2.267586e+01
 4.202710e+01	 2.303924e+01
 4.318114e+01	 2.338698e+01
 4.436687e+01	 2.371890e+01
 4.558516e+01	 2.403489e+01
 4.683691e+01	 2.433486e+01
 4.812303e+01	 2.461875e+01
 4.944446e+01	 2.488654e+01
 5.080218e+01	 2.513822e+01
 5.219718e+01	 2.537381e+01
 5.363049e+01	 2.559337e+01
 5.510316e+01	 2.579697e+01
 5.661626e+01	 2.598470e+01
 5.817091e+01	 2.615668e+01
 5.976826e+01	 2.631304e+01
 6.140946e+01	 2.645393e+01
 6.309573e+01	 2.657953e+01
 6.482831e+01	 2.669001e+01
 6.660846e+01	 2.678558e+01
 6.843750e+01	 2.686646e+01
 7.031676e+01	 2.693287e+01
 7.224762e+01	 2.698506e+01
 7.423150e+01	 2.702327e+01
 7.626986e+01	 2.704779e+01
 7.836419e+01	 2.705887e+01
 8.051603e+01	 2.705680e+01
 8.272696e+01	 2.704188e+01
 8.499860e+01	 2.701440e+01
 8.733262e+01	 2.697468e+01
 8.973072e+01	 2.692303e+01
 9.219468e+01	 2.685976e+01
 9.472630e+01	 2.678520e+01
 9.732744e+01	 2.669968e+01
 1.000000e+02	 2.660353e+01
 1.027459e+02	 2.649709e+01
 1.055673e+02	 2.638069e+01
 1.084661e+02	 2.625468e+01
 1.114445e+02	 2.611939e+01
 1.145048e+02	 2.597517e+01
 1.176490e+02	 2.582235e+01
 1.208796e+02	 2.566128e+01
 1.241989e+02	 2.549230e+01
 1.276093e+02	 2.531575e+01
 1.311134e+02	 2.513196e+01
 1.347137e+02	 2.494128e+01
 1.384129e+02	 2.474402e+01
 1.422136e+02	 2.454052e+01
 1.461187e+02	 2.433111e+01
 1.501311e+02	 2.411611e+01
 1.542536e+02	 2.389583e+01
 1.584893e+02	 2.367058e+01
 1.628414e+02	 2.344068e+01
 1.673129e+02	 2.320643e+01
 1.719072e+02	 2.296812e+01
 1.766277e+02	 2.272605e+01
 1.814778e+02	 2.248050e+01
 1.864611e+02	 2.223175e+01
 1.915812e+02	 2.198008e+01
 1.968419e+02	 2.172575e+01
 2.022471e+02	 2.146903e+01
 2.078007e+02	 2.121016e+01
 2.135068e+02	 2.094940e+01
 2.193696e+02	 2.068698e+01
 2.253934e+02	 2.042314e+01
 2.315826e+02	 2.015811e+01
 2.379417e+02	 1.989210e+01
 2.444755e+02	 1.962534e+01
 2.511886e+02	 1.935801e+01
 2.580862e+02	 1.909033e+01
 2.651731e+02	 1.882248e+01
 2.724546e+02	 1.855465e+01
 2.799360e+02	 1.828701e+01
 2.876229e+02	 1.801974e+01
 2.955209e+02	 1.775300e+01
 3.036358e+02	 1.748695e+01
 3.119735e+02	 1.722199e+01
 3.205401e+02	 1.695817e+01
 3.293420e+02	 1.669550e+01
 3.383855e+02	 1.643408e+01
 3.476774e+02	 1.617406e+01
 3.572245e+02	 1.591554e+01
 3.670336e+02	 1.565862e+01
 3.771122e+02	 1.540343e+01
 3.874675e+02	 1.515005e+01
 3.981072e+02	 1.489858e+01
 4.090390e+02	 1.464910e+01
 4.202710e+02	 1.440170e+01
 4.318114e+02	 1.415646e+01
 4.436687e+02	 1.391344e+01
 4.558516e+02	 1.367271e+01
 4.683691e+02	 1.343434e+01
 4.812303e+02	 1.319838e+01
 4.944446e+02	 1.296489e+01
 5.080218e+02	 1.273392e+01
 5.219718e+02	 1.250550e+01
 5.363049e+02	 1.227969e+01
 5.510316e+02	 1.205651e+01
 5.661626e+02	 1.183603e+01
 5.817091e+02	 1.161829e+01
 5.976826e+02	 1.140328e+01
 6.140946e+02	 1.119102e+01
 6.309573e+02	 1.098153e+01
 6.482831e+02	 1.077483e+01
 6.660846e+02	 1.057093e+01
 6.843750e+02	 1.036984e+01
 7.031676e+02	 1.017157e+01
 7.224762e+02	 9.976116e+00
 7.423150e+02	 9.783490e+00
 7.626986e+02	 9.593688e+00
 7.836419e+02	 9.406710e+00
 8.051603e+02	 9.222550e+00
 8.272696e+02	 9.041202e+00
 8.499860e+02	 8.862658e+00
 8.733262e+02	 8.686909e+00
 8.973072e+02	 8.513941e+00
 9.219468e+02	 8.343743e+00
 9.472630e+02	 8.176299e+00
 9.732744e+02	 8.011593e+00
 1.000000e+03	 7.849607e+00
 1.027459e+03	 7.690322e+00
 1.055673e+03	 7.533719e+00
 1.084661e+03	 7.379775e+00
 1.114445e+03	 7.228470e+00
 1.145048e+03	 7.079779e+00
 1.176490e+03	 6.933679e+00
 1.208796e+03	 6.790144e+00
 1.241989e+03	 6.649150e+00
 1.276093e+03	 6.510669e+00
 1.311134e+03	 6.374675e+00
 1.347137e+03	 6.241140e+00
 1.384129e+03	 6.110037e+00
 1.422136e+03	 5.981336e+00
 1.461187e+03	 5.855009e+00
 1.501311e+03	 5.731026e+00
 1.542536e+03	 5.609358e+00
 1.584893e+03	 5.489975e+00
 1.628414e+03	 5.372846e+00
 1.673129e+03	 5.257941e+00
 1.719072e+03	 5.145230e+00
 1.766277e+03	 5.034683e+00
 1.814778e+03	 4.926267e+00
 1.864611e+03	 4.819953e+00
 1.915812e+03	 4.715709e+00
 1.968419e+03	 4.613505e+00
 2.022471e+03	 4.513310e+00
 2.078007e+03	 4.415092e+00
 2.135068e+03	 4.318822e+00
 2.193696e+03	 4.224469e+00
 2.253934e+03	 4.132002e+00
 2.315826e+03	 4.041391e+00
 2.379417e+03	 3.952605e+00
 2.444755e+03	 3.865615e+00
 2.511886e+03	 3.780390e+00
 2.580862e+03	 3.696902e+00
 2.651731e+03	 3.615120e+00
 2.724546e+03	 3.535015e+00
 2.799360e+03	 3.456559e+00
 2.876229e+03	 3.379723e+00
 2.955209e+03	 3.304478e+00
 3.036358e+03	 3.230796e+00
 3.119735e+03	 3.158650e+00
 3.205401e+03	 3.088011e+00
 3.293420e+03	 3.018852e+00
 3.383855e+03	 2.951148e+00
 3.476774e+03	 2.884869e+00
 3.572245e+03	 2.819992e+00
 3.670336e+03	 2.756489e+00
 3.771122e+03	 2.694334e+00
 3.874675e+03	 2.633503e+00
 3.981072e+03	 2.573971e+00
 4.090390e+03	 2.515712e+00
 4.202710e+03	 2.458702e+00
 4.318114e+03	 2.402918e+00
 4.436687e+03	 2.348336e+00
 4.558516e+03	 2.294932e+00
 4.683691e+03	 2.242683e+00
 4.812303e+03	 2.191567e+00
 4.944446e+03	 2.141562e+00
 5.080218e+03	 2.092645e+00
 5.219718e+03	 2.044794e+00
 5.363049e+03	 1.997990e+00
 5.510316e+03	 1.952210e+00
 5.661626e+03	 1.907434e+00
 5.817091e+03	 1.863642e+00
 5.976826e+03	 1.820814e+00
 6.140946e+03	 1.778931e+00
 6.309573e+03	 1.737972e+00
 6.482831e+03	 1.697920e+00
 6.660846e+03	 1.658755e+00
 6.843750e+03	 1.620459e+00
 7.031676e+03	 1.583014e+00
 7.224762e+03	 1.546404e+00
 7.423150e+03	 1.510609e+00
 7.626986e+03	 1.475614e+00
 7.836419e+03	 1.441401e+00
 8.051603e+03	 1.407954e+00
 8.272696e+03	 1.375257e+00
 8.499860e+03	 1.343295e+00
 8.733262e+03	 1.312051e+00
 8.973072e+03	 1.281510e+00
 9.219468e+03	 1.251658e+00
 9.472630e+03	 1.222480e+00
 9.732744e+03	 1.193961e+00
 1.000000e+04	 1.166088e+00
