 1.000000e+01	 3.228779e-01
 1.027459e+01	 4.469626e-01
 1.055673e+01	 5.757883e-01
 1.084661e+01	 7.318142e-01
 1.114445e+01	 9.131773e-01
 1.145048e+01	 1.100060e+00
 1.176490e+01	 1.291651e+00
 1.208796e+01	 1.487201e+00
 1.241989e+01	 1.686015e+00
 1.276093e+01	 1.898005e+00
 1.311134e+01	 2.140608e+00
 1.347137e+01	 2.419524e+00
 1.384129e+01	 2.703369e+00
 1.422136e+01	 2.991160e+00
 1.461187e+01	 3.281990e+00
 1.501311e+01	 3.575018e+00
 1.542536e+01	 3.936131e+00
 1.584893e+01	 4.383367e+00
 1.628414e+01	 4.838417e+00
 1.673129e+01	 5.299516e+00
 1.719072e+01	 5.765033e+00
 1.766277e+01	 6.233462e+00
 1.814778e+01	 6.703415e+00
 1.864611e+01	 7.173612e+00
 1.915812e+01	 7.642873e+00
 1.968419e+01	 8.110112e+00
 2.022471e+01	 8.574329e+00
 2.078007e+01	 9.034604e+00
 2.135068e+01	 9.490093e+00
 2.193696e+01	 9.948242e+00
 2.253934e+01	 1.040768e+01
 2.315826e+01	 1.086103e+01
 2.379417e+01	 1.131610e+01
 2.444755e+01	 1.176981e+01
 2.511886e+01	 1.221622e+01
 2.580862e+01	 1.265467e+01
 2.651731e+01	 1.308459e+01
 2.724546e+01	 1.350542e+01
 2.799360e+01	 1.392011e+01
 2.876229e+01	 1.433489e+01
 2.955209e+01	 1.474966e+01
 3.036358e+01	 1.515479e+01
 3.119735e+01	 1.554979e+01
 3.205401e+01	 1.593421e+01
 3.293420e+01	 1.630767e+01
 3.383855e+01	 1.666978e+01
 3.476774e+01	 1.702026e+01
 3.572245e+01	 1.735880e+01
 3.670336e+01	 1.768517e+01
 3.771122e+01	 1.799917e+01
 3.874675e+01	 1.830062e+01
 3.981072e+01	 1.858936e+01
 4.090390e+01	 1.886529e+01
 4.202710e+01	 1.912831e+01
 4.318114e+01	 1.937834e+01
 4.436687e+01	 1.961536e+01
 4.558516e+01	 1.983934e+01
 4.683691e+01	 2.005028e+01
 4.812303e+01	 2.024820e+01
 4.944446e+01	 2.043314e+01
 5.080218e+01	 2.060516e+01
 5.219718e+01	 2.076433e+01
 5.363049e+01	 2.091075e+01
 5.510316e+01	 2.104452e+01
 5.661626e+01	 2.116576e+01
 5.817091e+01	 2.127460e+01
 5.976826e+01	 2.137120e+01
 6.140946e+01	 2.145570e+01
 6.309573e+01	 2.152829e+01
 6.482831e+01	 2.158915e+01
 6.660846e+01	 2.163845e+01
 6.843750e+01	 2.167641e+01
 7.031676e+01	 2.170324e+01
 7.224762e+01	 2.171914e+01
 7.423150e+01	 2.172435e+01
 7.626986e+01	 2.171910e+01
 7.836419e+01	 2.170362e+01
 8.051603e+01	 2.167817e+01
 8.272696e+01	 2.164298e+01
 8.499860e+01	 2.159831e+01
 8.733262e+01	 2.154442e+01
 8.973072e+01	 2.148158e+01
 9.219468e+01	 2.141004e+01
 9.472630e+01	 2.133007e+01
 9.732744e+01	 2.124194e+01
 1.000000e+02	 2.114593e+01
 1.027459e+02	 2.104230e+01
 1.055673e+02	 2.093133e+01
 1.084661e+02	 2.081329e+01
 1.114445e+02	 2.068846e+01
 1.145048e+02	 2.055710e+01
 1.176490e+02	 2.041949e+01
 1.208796e+02	 2.027590e+01
 1.241989e+02	 2.012659e+01
 1.276093e+02	 1.997184e+01
 1.311134e+02	 1.981192e+01
 1.347137e+02	 1.964707e+01
 1.384129e+02	 1.947756e+01
 1.422136e+02	 1.930365e+01
 1.461187e+02	 1.912560e+01
 1.501311e+02	 1.894363e+01
 1.542536e+02	 1.875802e+01
 1.584893e+02	 1.856898e+01
 1.628414e+02	 1.837677e+01
 1.673129e+02	 1.818161e+01
 1.719072e+02	 1.798373e+01
 1.766277e+02	 1.778336e+01
 1.814778e+02	 1.758086e+01
 1.864611e+02	 1.737743e+01
 1.915812e+02	 1.717222e+01
 1.968419e+02	 1.696541e+01
 2.022471e+02	 1.675719e+01
 2.078007e+02	 1.654776e+01
 2.135068e+02	 1.633727e+01
 2.193696e+02	 1.612591e+01
 2.253934e+02	 1.591385e+01
 2.315826e+02	 1.570124e+01
 2.379417e+02	 1.548824e+01
 2.444755e+02	 1.527503e+01
 2.511886e+02	 1.506198e+01
 2.580862e+02	 1.484901e+01
 2.651731e+02	 1.463624e+01
 2.724546e+02	 1.442380e+01
 2.799360e+02	 1.421182e+01
 2.876229e+02	 1.400042e+01
 2.955209e+02	 1.378971e+01
 3.036358e+02	 1.357981e+01
 3.119735e+02	 1.337094e+01
 3.205401e+02	 1.316316e+01
 3.293420e+02	 1.295649e+01
 3.383855e+02	 1.275103e+01
 3.476774e+02	 1.254685e+01
 3.572245e+02	 1.234403e+01
 3.670336e+02	 1.214266e+01
 3.771122e+02	 1.194281e+01
 3.874675e+02	 1.174453e+01
 3.981072e+02	 1.154790e+01
 4.090390e+02	 1.135298e+01
 4.202710e+02	 1.115982e+01
 4.318114e+02	 1.096846e+01
 4.436687e+02	 1.077897e+01
 4.558516e+02	 1.059139e+01
 4.683691e+02	 1.040575e+01
 4.812303e+02	 1.022210e+01
 4.944446e+02	 1.004046e+01
 5.080218e+02	 9.860877e+00
 5.219718e+02	 9.683372e+00
 5.363049e+02	 9.507973e+00
 5.510316e+02	 9.334702e+00
 5.661626e+02	 9.163578e+00
 5.817091e+02	 8.994621e+00
 5.976826e+02	 8.827844e+00
 6.140946e+02	 8.663260e+00
 6.309573e+02	 8.500879e+00
 6.482831e+02	 8.340710e+00
 6.660846e+02	 8.182759e+00
 6.843750e+02	 8.027029e+00
 7.031676e+02	 7.873523e+00
 7.224762e+02	 7.722241e+00
 7.423150e+02	 7.573181e+00
 7.626986e+02	 7.426340e+00
 7.836419e+02	 7.281714e+00
 8.051603e+02	 7.139296e+00
 8.272696e+02	 6.999078e+00
 8.499860e+02	 6.861052e+00
 8.733262e+02	 6.725207e+00
 8.973072e+02	 6.591533e+00
 9.219468e+02	 6.460015e+00
 9.472630e+02	 6.330641e+00
 9.732744e+02	 6.203397e+00
 1.000000e+03	 6.078266e+00
 1.027459e+03	 5.955233e+00
 1.055673e+03	 5.834279e+00
 1.084661e+03	 5.715388e+00
 1.114445e+03	 5.598541e+00
 1.145048e+03	 5.483718e+00
 1.176490e+03	 5.370900e+00
 1.208796e+03	 5.260067e+00
 1.241989e+03	 5.151196e+00
 1.276093e+03	 5.044268e+00
 1.311134e+03	 4.939260e+00
 1.347137e+03	 4.836151e+00
 1.384129e+03	 4.734918e+00
 1.422136e+03	 4.635538e+00
 1.461187e+03	 4.537988e+00
 1.501311e+03	 4.442246e+00
 1.542536e+03	 4.348287e+00
 1.584893e+03	 4.256089e+00
 1.628414e+03	 4.165627e+00
 1.673129e+03	 4.076878e+00
 1.719072e+03	 3.989818e+00
 1.766277e+03	 3.904423e+00
 1.814778e+03	 3.820670e+00
 1.864611e+03	 3.738534e+00
 1.915812e+03	 3.657990e+00
 1.968419e+03	 3.579017e+00
 2.022471e+03	 3.501589e+00
 2.078007e+03	 3.425683e+00
 2.135068e+03	 3.351274e+00
 2.193696e+03	 3.278341e+00
 2.253934e+03	 3.206858e+00
 2.315826e+03	 3.136802e+00
 2.379417e+03	 3.068152e+00
 2.444755e+03	 3.000882e+00
 2.511886e+03	 2.934971e+00
 2.580862e+03	 2.870399e+00
 2.651731e+03	 2.807139e+00
 2.724546e+03	 2.745171e+00
 2.799360e+03	 2.684471e+00
 2.876229e+03	 2.625017e+00
 2.955209e+03	 2.566788e+00
 3.036358e+03	 2.509763e+00
 3.119735e+03	 2.453919e+00
 3.205401e+03	 2.399236e+00
 3.293420e+03	 2.345693e+00
 3.383855e+03	 2.293270e+00
 3.476774e+03	 2.241945e+00
 3.572245e+03	 2.191698e+00
 3.670336e+03	 2.142511e+00
 3.771122e+03	 2.094362e+00
 3.874675e+03	 2.047233e+00
 3.981072e+03	 2.001105e+00
 4.090390e+03	 1.955959e+00
 4.202710e+03	 1.911775e+00
 4.318114e+03	 1.868537e+00
 4.436687e+03	 1.826225e+00
 4.558516e+03	 1.784821e+00
 4.683691e+03	 1.744309e+00
 4.812303e+03	 1.704671e+00
 4.944446e+03	 1.665889e+00
 5.080218e+03	 1.627947e+00
 5.219718e+03	 1.590829e+00
 5.363049e+03	 1.554518e+00
 5.510316e+03	 1.518998e+00
 5.661626e+03	 1.484254e+00
 5.817091e+03	 1.450269e+00
 5.976826e+03	 1.417029e+00
 6.140946e+03	 1.384518e+00
 6.309573e+03	 1.352722e+00
 6.482831e+03	 1.321627e+00
 6.660846e+03	 1.291217e+00
 6.843750e+03	 1.261479e+00
 7.031676e+03	 1.232400e+00
 7.224762e+03	 1.203965e+00
 7.423150e+03	 1.176161e+00
 7.626986e+03	 1.148976e+00
 7.836419e+03	 1.122396e+00
 8.051603e+03	 1.096409e+00
 8.272696e+03	 1.071003e+00
 8.499860e+03	 1.046165e+00
 8.733262e+03	 1.021883e+00
 8.973072e+03	 9.981452e-01
 9.219468e+03	 9.749410e-01
 9.472630e+03	 9.522586e-01
 9.732744e+03	 9.300870e-01
 1.000000e+04	 9.084153e-01
