 1.000000e+01	 0.000000e+00	 0.000000e+00
 1.027459e+01	 0.000000e+00	 0.000000e+00
 1.055673e+01	 0.000000e+00	 0.000000e+00
 1.084661e+01	 0.000000e+00	 0.000000e+00
 1.114445e+01	 0.000000e+00	 0.000000e+00
 1.145048e+01	 0.000000e+00	 0.000000e+00
 1.176490e+01	 0.000000e+00	 0.000000e+00
 1.208796e+01	 0.000000e+00	 0.000000e+00
 1.241989e+01	 0.000000e+00	 0.000000e+00
 1.276093e+01	 0.000000e+00	 0.000000e+00
 1.311134e+01	 0.000000e+00	 0.000000e+00
 1.347137e+01	 0.000000e+00	 0.000000e+00
 1.384129e+01	 0.000000e+00	 0.000000e+00
 1.422136e+01	 2.506515e-02	 1.894050e-02
 1.461187e+01	 8.138296e-02	 4.930794e-02
 1.501311e+01	 2.016089e-01	 8.131797e-02
 1.542536e+01	 3.840641e-01	 1.571871e-01
 1.584893e+01	 5.888116e-01	 2.545219e-01
 1.628414e+01	 8.019101e-01	 3.862712e-01
 1.673129e+01	 1.022136e+00	 5.530531e-01
 1.719072e+01	 1.248359e+00	 7.405183e-01
 1.766277e+01	 1.479534e+00	 9.412507e-01
 1.814778e+01	 1.719313e+00	 1.147623e+00
 1.864611e+01	 1.979598e+00	 1.358653e+00
 1.915812e+01	 2.243401e+00	 1.573434e+00
 1.968419e+01	 2.509797e+00	 1.791132e+00
 2.022471e+01	 2.777933e+00	 2.010974e+00
 2.078007e+01	 3.047024e+00	 2.232249e+00
 2.135068e+01	 3.316345e+00	 2.454301e+00
 2.193696e+01	 3.585227e+00	 2.676526e+00
 2.253934e+01	 3.853057e+00	 2.898368e+00
 2.315826e+01	 4.119269e+00	 3.119315e+00
 2.379417e+01	 4.383342e+00	 3.338895e+00
 2.444755e+01	 4.644798e+00	 3.556677e+00
 2.511886e+01	 4.903199e+00	 3.785296e+00
 2.580862e+01	 5.158143e+00	 4.012910e+00
 2.651731e+01	 5.409260e+00	 4.238310e+00
 2.724546e+01	 5.656214e+00	 4.461088e+00
 2.799360e+01	 5.898696e+00	 4.680869e+00
 2.876229e+01	 6.136426e+00	 4.897312e+00
 2.955209e+01	 6.369147e+00	 5.110103e+00
 3.036358e+01	 6.596628e+00	 5.318957e+00
 3.119735e+01	 6.818659e+00	 5.523615e+00
 3.205401e+01	 7.035050e+00	 5.723841e+00
 3.293420e+01	 7.245630e+00	 5.919422e+00
 3.383855e+01	 7.450249e+00	 6.110166e+00
 3.476774e+01	 7.650982e+00	 6.295899e+00
 3.572245e+01	 7.857575e+00	 6.476467e+00
 3.670336e+01	 8.058628e+00	 6.651732e+00
 3.771122e+01	 8.253936e+00	 6.821573e+00
 3.874675e+01	 8.443319e+00	 6.985883e+00
 3.981072e+01	 8.626617e+00	 7.144569e+00
 4.090390e+01	 8.803691e+00	 7.297553e+00
 4.202710e+01	 8.974418e+00	 7.444767e+00
 4.318114e+01	 9.138693e+00	 7.586156e+00
 4.436687e+01	 9.296427e+00	 7.721678e+00
 4.558516e+01	 9.447547e+00	 7.851299e+00
 4.683691e+01	 9.591993e+00	 7.974996e+00
 4.812303e+01	 9.729721e+00	 8.092755e+00
 4.944446e+01	 9.860698e+00	 8.204572e+00
 5.080218e+01	 9.984903e+00	 8.310452e+00
 5.219718e+01	 1.010233e+01	 8.410406e+00
 5.363049e+01	 1.021297e+01	 8.504454e+00
 5.510316e+01	 1.031686e+01	 8.592623e+00
 5.661626e+01	 1.041399e+01	 8.674949e+00
 5.817091e+01	 1.050442e+01	 8.751472e+00
 5.976826e+01	 1.058817e+01	 8.822238e+00
 6.140946e+01	 1.066530e+01	 8.887303e+00
 6.309573e+01	 1.073586e+01	 8.946724e+00
 6.482831e+01	 1.079992e+01	 9.000567e+00
 6.660846e+01	 1.085754e+01	 9.048901e+00
 6.843750e+01	 1.090881e+01	 9.091800e+00
 7.031676e+01	 1.095381e+01	 9.129344e+00
 7.224762e+01	 1.099263e+01	 9.161617e+00
 7.423150e+01	 1.102536e+01	 9.188706e+00
 7.626986e+01	 1.105211e+01	 9.210702e+00
 7.836419e+01	 1.107297e+01	 9.227701e+00
 8.051603e+01	 1.108806e+01	 9.239802e+00
 8.272696e+01	 1.109749e+01	 9.247105e+00
 8.499860e+01	 1.110139e+01	 9.249715e+00
 8.733262e+01	 1.109986e+01	 9.247740e+00
 8.973072e+01	 1.109304e+01	 9.241289e+00
 9.219468e+01	 1.108105e+01	 9.230473e+00
 9.472630e+01	 1.106402e+01	 9.215407e+00
 9.732744e+01	 1.104208e+01	 9.196206e+00
 1.000000e+02	 1.101538e+01	 9.172986e+00
 1.027459e+02	 1.098404e+01	 9.145867e+00
 1.055673e+02	 1.094820e+01	 9.114966e+00
 1.084661e+02	 1.090800e+01	 9.080406e+00
 1.114445e+02	 1.086359e+01	 9.042305e+00
 1.145048e+02	 1.081510e+01	 9.000787e+00
 1.176490e+02	 1.076267e+01	 8.955972e+00
 1.208796e+02	 1.070644e+01	 8.907983e+00
 1.241989e+02	 1.064657e+01	 8.856941e+00
 1.276093e+02	 1.058318e+01	 8.802968e+00
 1.311134e+02	 1.051643e+01	 8.746185e+00
 1.347137e+02	 1.044644e+01	 8.686712e+00
 1.384129e+02	 1.037337e+01	 8.624669e+00
 1.422136e+02	 1.029735e+01	 8.560175e+00
 1.461187e+02	 1.021852e+01	 8.493348e+00
 1.501311e+02	 1.013701e+01	 8.424305e+00
 1.542536e+02	 1.005297e+01	 8.353161e+00
 1.584893e+02	 9.966517e+00	 8.280698e+00
 1.628414e+02	 9.877797e+00	 8.206832e+00
 1.673129e+02	 9.786936e+00	 8.131249e+00
 1.719072e+02	 9.694062e+00	 8.054049e+00
 1.766277e+02	 9.599302e+00	 7.975330e+00
 1.814778e+02	 9.502780e+00	 7.895190e+00
 1.864611e+02	 9.404618e+00	 7.813725e+00
 1.915812e+02	 9.304937e+00	 7.731031e+00
 1.968419e+02	 9.203852e+00	 7.647199e+00
 2.022471e+02	 9.101479e+00	 7.562322e+00
 2.078007e+02	 8.997930e+00	 7.476489e+00
 2.135068e+02	 8.893314e+00	 7.389788e+00
 2.193696e+02	 8.787737e+00	 7.302304e+00
 2.253934e+02	 8.681305e+00	 7.214122e+00
 2.315826e+02	 8.574117e+00	 7.125324e+00
 2.379417e+02	 8.466272e+00	 7.035988e+00
 2.444755e+02	 8.357866e+00	 6.946193e+00
 2.511886e+02	 8.248990e+00	 6.856013e+00
 2.580862e+02	 8.139735e+00	 6.765521e+00
 2.651731e+02	 8.030187e+00	 6.674789e+00
 2.724546e+02	 7.920430e+00	 6.583884e+00
 2.799360e+02	 7.810545e+00	 6.492873e+00
 2.876229e+02	 7.700609e+00	 6.401820e+00
 2.955209e+02	 7.590699e+00	 6.310786e+00
 3.036358e+02	 7.480885e+00	 6.219830e+00
 3.119735e+02	 7.371329e+00	 6.129009e+00
 3.205401e+02	 7.262121e+00	 6.038379e+00
 3.293420e+02	 7.153220e+00	 5.947991e+00
 3.383855e+02	 7.044685e+00	 5.857895e+00
 3.476774e+02	 6.936574e+00	 5.768141e+00
 3.572245e+02	 6.828940e+00	 5.678773e+00
 3.670336e+02	 6.721836e+00	 5.589835e+00
 3.771122e+02	 6.615311e+00	 5.501369e+00
 3.874675e+02	 6.509411e+00	 5.413415e+00
 3.981072e+02	 6.404181e+00	 5.326010e+00
 4.090390e+02	 6.299664e+00	 5.239189e+00
 4.202710e+02	 6.195899e+00	 5.152987e+00
 4.318114e+02	 6.092988e+00	 5.067434e+00
 4.436687e+02	 5.990946e+00	 4.982560e+00
 4.558516e+02	 5.889768e+00	 4.898394e+00
 4.683691e+02	 5.789484e+00	 4.814962e+00
 4.812303e+02	 5.690122e+00	 4.732288e+00
 4.944446e+02	 5.591709e+00	 4.650395e+00
 5.080218e+02	 5.494269e+00	 4.569305e+00
 5.219718e+02	 5.397824e+00	 4.489036e+00
 5.363049e+02	 5.302396e+00	 4.409607e+00
 5.510316e+02	 5.208004e+00	 4.331035e+00
 5.661626e+02	 5.114665e+00	 4.253335e+00
 5.817091e+02	 5.022396e+00	 4.176520e+00
 5.976826e+02	 4.931211e+00	 4.100604e+00
 6.140946e+02	 4.841122e+00	 4.025596e+00
 6.309573e+02	 4.752142e+00	 3.951508e+00
 6.482831e+02	 4.664279e+00	 3.878349e+00
 6.660846e+02	 4.577544e+00	 3.806125e+00
 6.843750e+02	 4.491943e+00	 3.734843e+00
 7.031676e+02	 4.407483e+00	 3.664509e+00
 7.224762e+02	 4.324169e+00	 3.595127e+00
 7.423150e+02	 4.242004e+00	 3.526701e+00
 7.626986e+02	 4.160992e+00	 3.459233e+00
 7.836419e+02	 4.081133e+00	 3.392725e+00
 8.051603e+02	 4.002430e+00	 3.327179e+00
 8.272696e+02	 3.924881e+00	 3.262593e+00
 8.499860e+02	 3.848486e+00	 3.198967e+00
 8.733262e+02	 3.773243e+00	 3.136301e+00
 8.973072e+02	 3.699148e+00	 3.074591e+00
 9.219468e+02	 3.626200e+00	 3.013835e+00
 9.472630e+02	 3.554392e+00	 2.954030e+00
 9.732744e+02	 3.483721e+00	 2.895172e+00
 1.000000e+03	 3.414181e+00	 2.837256e+00
 1.027459e+03	 3.345766e+00	 2.780277e+00
 1.055673e+03	 3.278468e+00	 2.724230e+00
 1.084661e+03	 3.212281e+00	 2.669109e+00
 1.114445e+03	 3.147197e+00	 2.614907e+00
 1.145048e+03	 3.083207e+00	 2.561617e+00
 1.176490e+03	 3.020303e+00	 2.509233e+00
 1.208796e+03	 2.958476e+00	 2.457746e+00
 1.241989e+03	 2.897716e+00	 2.407150e+00
 1.276093e+03	 2.838013e+00	 2.357435e+00
 1.311134e+03	 2.779358e+00	 2.308594e+00
 1.347137e+03	 2.721738e+00	 2.260617e+00
 1.384129e+03	 2.665145e+00	 2.213496e+00
 1.422136e+03	 2.609566e+00	 2.167221e+00
 1.461187e+03	 2.554991e+00	 2.121784e+00
 1.501311e+03	 2.501408e+00	 2.077174e+00
 1.542536e+03	 2.448805e+00	 2.033382e+00
 1.584893e+03	 2.397170e+00	 1.990398e+00
 1.628414e+03	 2.346492e+00	 1.948213e+00
 1.673129e+03	 2.296759e+00	 1.906815e+00
 1.719072e+03	 2.247958e+00	 1.866196e+00
 1.766277e+03	 2.200076e+00	 1.826344e+00
 1.814778e+03	 2.153102e+00	 1.787249e+00
 1.864611e+03	 2.107024e+00	 1.748901e+00
 1.915812e+03	 2.061827e+00	 1.711290e+00
 1.968419e+03	 2.017501e+00	 1.674405e+00
 2.022471e+03	 1.974032e+00	 1.638235e+00
 2.078007e+03	 1.931408e+00	 1.602771e+00
 2.135068e+03	 1.889616e+00	 1.568001e+00
 2.193696e+03	 1.848644e+00	 1.533915e+00
 2.253934e+03	 1.808479e+00	 1.500502e+00
 2.315826e+03	 1.769108e+00	 1.467753e+00
 2.379417e+03	 1.730520e+00	 1.435656e+00
 2.444755e+03	 1.692702e+00	 1.404202e+00
 2.511886e+03	 1.655641e+00	 1.373380e+00
 2.580862e+03	 1.619325e+00	 1.343179e+00
 2.651731e+03	 1.583741e+00	 1.313590e+00
 2.724546e+03	 1.548879e+00	 1.284602e+00
 2.799360e+03	 1.514725e+00	 1.256205e+00
 2.876229e+03	 1.481267e+00	 1.228390e+00
 2.955209e+03	 1.448495e+00	 1.201145e+00
 3.036358e+03	 1.416395e+00	 1.174462e+00
 3.119735e+03	 1.384957e+00	 1.148331e+00
 3.205401e+03	 1.354168e+00	 1.122741e+00
 3.293420e+03	 1.324018e+00	 1.097683e+00
 3.383855e+03	 1.294494e+00	 1.073149e+00
 3.476774e+03	 1.265586e+00	 1.049128e+00
 3.572245e+03	 1.237283e+00	 1.025611e+00
 3.670336e+03	 1.209573e+00	 1.002588e+00
 3.771122e+03	 1.182446e+00	 9.800519e-01
 3.874675e+03	 1.155891e+00	 9.579923e-01
 3.981072e+03	 1.129897e+00	 9.364006e-01
 4.090390e+03	 1.104454e+00	 9.152682e-01
 4.202710e+03	 1.079552e+00	 8.945863e-01
 4.318114e+03	 1.055180e+00	 8.743465e-01
 4.436687e+03	 1.031329e+00	 8.545403e-01
 4.558516e+03	 1.007988e+00	 8.351594e-01
 4.683691e+03	 9.851477e-01	 8.161956e-01
 4.812303e+03	 9.627985e-01	 7.976408e-01
 4.944446e+03	 9.409308e-01	 7.794872e-01
 5.080218e+03	 9.195353e-01	 7.617268e-01
 5.219718e+03	 8.986028e-01	 7.443520e-01
 5.363049e+03	 8.781241e-01	 7.273551e-01
 5.510316e+03	 8.580903e-01	 7.107287e-01
 5.661626e+03	 8.384927e-01	 6.944654e-01
 5.817091e+03	 8.193225e-01	 6.785579e-01
 5.976826e+03	 8.005712e-01	 6.629991e-01
 6.140946e+03	 7.822304e-01	 6.477820e-01
 6.309573e+03	 7.642918e-01	 6.328997e-01
 6.482831e+03	 7.467475e-01	 6.183454e-01
 6.660846e+03	 7.295892e-01	 6.041124e-01
 6.843750e+03	 7.128093e-01	 5.901941e-01
 7.031676e+03	 6.963999e-01	 5.765841e-01
 7.224762e+03	 6.803536e-01	 5.632760e-01
 7.423150e+03	 6.646627e-01	 5.502637e-01
 7.626986e+03	 6.493201e-01	 5.375409e-01
 7.836419e+03	 6.343185e-01	 5.251017e-01
 8.051603e+03	 6.196508e-01	 5.129402e-01
 8.272696e+03	 6.053101e-01	 5.010505e-01
 8.499860e+03	 5.912895e-01	 4.894270e-01
 8.733262e+03	 5.775824e-01	 4.780640e-01
 8.973072e+03	 5.641822e-01	 4.669562e-01
 9.219468e+03	 5.510825e-01	 4.560980e-01
 9.472630e+03	 5.382768e-01	 4.454842e-01
 9.732744e+03	 5.257590e-01	 4.351096e-01
 1.000000e+04	 5.135230e-01	 4.249691e-01
