 1.000000e+01	 0.000000e+00	 0.000000e+00
 1.027459e+01	 0.000000e+00	 0.000000e+00
 1.055673e+01	 0.000000e+00	 0.000000e+00
 1.084661e+01	 0.000000e+00	 0.000000e+00
 1.114445e+01	 0.000000e+00	 1.298797e-02
 1.145048e+01	 0.000000e+00	 5.230953e-02
 1.176490e+01	 0.000000e+00	 9.395772e-02
 1.208796e+01	 2.461072e-02	 1.435347e-01
 1.241989e+01	 6.389715e-02	 2.250256e-01
 1.276093e+01	 1.525885e-01	 3.434160e-01
 1.311134e+01	 2.693950e-01	 4.734451e-01
 1.347137e+01	 4.489102e-01	 6.084209e-01
 1.384129e+01	 6.477148e-01	 7.927762e-01
 1.422136e+01	 8.544335e-01	 1.003555e+00
 1.461187e+01	 1.067958e+00	 1.220965e+00
 1.501311e+01	 1.287261e+00	 1.443989e+00
 1.542536e+01	 1.511396e+00	 1.671687e+00
 1.584893e+01	 1.739485e+00	 1.903187e+00
 1.628414e+01	 1.970717e+00	 2.137687e+00
 1.673129e+01	 2.204341e+00	 2.374442e+00
 1.719072e+01	 2.449537e+00	 2.612764e+00
 1.766277e+01	 2.710831e+00	 2.852019e+00
 1.814778e+01	 2.997921e+00	 3.091620e+00
 1.864611e+01	 3.304233e+00	 3.331024e+00
 1.915812e+01	 3.613209e+00	 3.569729e+00
 1.968419e+01	 3.923927e+00	 3.807275e+00
 2.022471e+01	 4.235540e+00	 4.043232e+00
 2.078007e+01	 4.547261e+00	 4.277208e+00
 2.135068e+01	 4.858367e+00	 4.508838e+00
 2.193696e+01	 5.169629e+00	 4.737787e+00
 2.253934e+01	 5.498140e+00	 4.963746e+00
 2.315826e+01	 5.831716e+00	 5.186430e+00
 2.379417e+01	 6.169638e+00	 5.408322e+00
 2.444755e+01	 6.511343e+00	 5.638760e+00
 2.511886e+01	 6.850839e+00	 5.866019e+00
 2.580862e+01	 7.187468e+00	 6.089777e+00
 2.651731e+01	 7.520624e+00	 6.310582e+00
 2.724546e+01	 7.849750e+00	 6.545996e+00
 2.799360e+01	 8.174333e+00	 6.781547e+00
 2.876229e+01	 8.493903e+00	 7.013698e+00
 2.955209e+01	 8.808029e+00	 7.242073e+00
 3.036358e+01	 9.116316e+00	 7.466328e+00
 3.119735e+01	 9.418404e+00	 7.686148e+00
 3.205401e+01	 9.713963e+00	 7.901247e+00
 3.293420e+01	 1.000537e+01	 8.111364e+00
 3.383855e+01	 1.029480e+01	 8.316261e+00
 3.476774e+01	 1.058297e+01	 8.515724e+00
 3.572245e+01	 1.086579e+01	 8.709561e+00
 3.670336e+01	 1.114152e+01	 8.897598e+00
 3.771122e+01	 1.140986e+01	 9.079683e+00
 3.874675e+01	 1.167056e+01	 9.255677e+00
 3.981072e+01	 1.192340e+01	 9.425461e+00
 4.090390e+01	 1.216818e+01	 9.588931e+00
 4.202710e+01	 1.240471e+01	 9.745998e+00
 4.318114e+01	 1.263547e+01	 9.896587e+00
 4.436687e+01	 1.286033e+01	 1.004064e+01
 4.558516e+01	 1.308101e+01	 1.018188e+01
 4.683691e+01	 1.329341e+01	 1.031838e+01
 4.812303e+01	 1.349737e+01	 1.045209e+01
 4.944446e+01	 1.369278e+01	 1.057957e+01
 5.080218e+01	 1.387952e+01	 1.070072e+01
 5.219718e+01	 1.405752e+01	 1.081549e+01
 5.363049e+01	 1.422669e+01	 1.092384e+01
 5.510316e+01	 1.438701e+01	 1.102774e+01
 5.661626e+01	 1.453842e+01	 1.112658e+01
 5.817091e+01	 1.468092e+01	 1.121912e+01
 5.976826e+01	 1.481450e+01	 1.130532e+01
 6.140946e+01	 1.493918e+01	 1.138518e+01
 6.309573e+01	 1.505499e+01	 1.145870e+01
 6.482831e+01	 1.516195e+01	 1.152591e+01
 6.660846e+01	 1.526013e+01	 1.158683e+01
 6.843750e+01	 1.534958e+01	 1.164150e+01
 7.031676e+01	 1.543038e+01	 1.168995e+01
 7.224762e+01	 1.550261e+01	 1.173226e+01
 7.423150e+01	 1.556636e+01	 1.176848e+01
 7.626986e+01	 1.562173e+01	 1.179868e+01
 7.836419e+01	 1.566884e+01	 1.182293e+01
 8.051603e+01	 1.570780e+01	 1.184134e+01
 8.272696e+01	 1.573874e+01	 1.185398e+01
 8.499860e+01	 1.576179e+01	 1.186096e+01
 8.733262e+01	 1.577709e+01	 1.186237e+01
 8.973072e+01	 1.578478e+01	 1.185833e+01
 9.219468e+01	 1.578502e+01	 1.184895e+01
 9.472630e+01	 1.577795e+01	 1.183434e+01
 9.732744e+01	 1.576375e+01	 1.181462e+01
 1.000000e+02	 1.574257e+01	 1.178992e+01
 1.027459e+02	 1.571459e+01	 1.176036e+01
 1.055673e+02	 1.567997e+01	 1.172607e+01
 1.084661e+02	 1.563890e+01	 1.168719e+01
 1.114445e+02	 1.559155e+01	 1.164384e+01
 1.145048e+02	 1.553810e+01	 1.159617e+01
 1.176490e+02	 1.547874e+01	 1.154431e+01
 1.208796e+02	 1.541364e+01	 1.148840e+01
 1.241989e+02	 1.534301e+01	 1.142857e+01
 1.276093e+02	 1.526702e+01	 1.136498e+01
 1.311134e+02	 1.518586e+01	 1.129775e+01
 1.347137e+02	 1.509972e+01	 1.122703e+01
 1.384129e+02	 1.500879e+01	 1.115297e+01
 1.422136e+02	 1.491326e+01	 1.107569e+01
 1.461187e+02	 1.481332e+01	 1.099534e+01
 1.501311e+02	 1.470915e+01	 1.091206e+01
 1.542536e+02	 1.460094e+01	 1.082598e+01
 1.584893e+02	 1.448888e+01	 1.073781e+01
 1.628414e+02	 1.437315e+01	 1.064714e+01
 1.673129e+02	 1.425394e+01	 1.055411e+01
 1.719072e+02	 1.413142e+01	 1.045885e+01
 1.766277e+02	 1.400577e+01	 1.036148e+01
 1.814778e+02	 1.387717e+01	 1.026226e+01
 1.864611e+02	 1.374580e+01	 1.016147e+01
 1.915812e+02	 1.361182e+01	 1.005897e+01
 1.968419e+02	 1.347541e+01	 9.954863e+00
 2.022471e+02	 1.333673e+01	 9.849269e+00
 2.078007e+02	 1.319594e+01	 9.742301e+00
 2.135068e+02	 1.305320e+01	 9.634069e+00
 2.193696e+02	 1.290867e+01	 9.524682e+00
 2.253934e+02	 1.276251e+01	 9.414247e+00
 2.315826e+02	 1.261486e+01	 9.302868e+00
 2.379417e+02	 1.246587e+01	 9.190646e+00
 2.444755e+02	 1.231568e+01	 9.077682e+00
 2.511886e+02	 1.216443e+01	 8.964073e+00
 2.580862e+02	 1.201225e+01	 8.849912e+00
 2.651731e+02	 1.185928e+01	 8.735292e+00
 2.724546e+02	 1.170565e+01	 8.620301e+00
 2.799360e+02	 1.155148e+01	 8.505026e+00
 2.876229e+02	 1.139688e+01	 8.389552e+00
 2.955209e+02	 1.124198e+01	 8.273958e+00
 3.036358e+02	 1.108689e+01	 8.158323e+00
 3.119735e+02	 1.093179e+01	 8.042724e+00
 3.205401e+02	 1.077684e+01	 7.927232e+00
 3.293420e+02	 1.062201e+01	 7.811917e+00
 3.383855e+02	 1.046742e+01	 7.696848e+00
 3.476774e+02	 1.031313e+01	 7.582088e+00
 3.572245e+02	 1.015926e+01	 7.467701e+00
 3.670336e+02	 1.000587e+01	 7.353744e+00
 3.771122e+02	 9.853052e+00	 7.240276e+00
 3.874675e+02	 9.700881e+00	 7.127350e+00
 3.981072e+02	 9.549431e+00	 7.015018e+00
 4.090390e+02	 9.398772e+00	 6.903329e+00
 4.202710e+02	 9.248970e+00	 6.792330e+00
 4.318114e+02	 9.100123e+00	 6.682065e+00
 4.436687e+02	 8.952329e+00	 6.572613e+00
 4.558516e+02	 8.805579e+00	 6.464019e+00
 4.683691e+02	 8.659925e+00	 6.356282e+00
 4.812303e+02	 8.515417e+00	 6.249435e+00
 4.944446e+02	 8.372103e+00	 6.143512e+00
 5.080218e+02	 8.230027e+00	 6.038541e+00
 5.219718e+02	 8.089229e+00	 5.934553e+00
 5.363049e+02	 7.949749e+00	 5.831622e+00
 5.510316e+02	 7.811622e+00	 5.729731e+00
 5.661626e+02	 7.674890e+00	 5.628898e+00
 5.817091e+02	 7.539628e+00	 5.529142e+00
 5.976826e+02	 7.405815e+00	 5.430482e+00
 6.140946e+02	 7.273476e+00	 5.332936e+00
 6.309573e+02	 7.142636e+00	 5.236519e+00
 6.482831e+02	 7.013314e+00	 5.141245e+00
 6.660846e+02	 6.885530e+00	 5.047125e+00
 6.843750e+02	 6.759301e+00	 4.954173e+00
 7.031676e+02	 6.634641e+00	 4.862396e+00
 7.224762e+02	 6.511564e+00	 4.771804e+00
 7.423150e+02	 6.390082e+00	 4.682402e+00
 7.626986e+02	 6.270203e+00	 4.594199e+00
 7.836419e+02	 6.151935e+00	 4.507197e+00
 8.051603e+02	 6.035286e+00	 4.421400e+00
 8.272696e+02	 5.920258e+00	 4.336811e+00
 8.499860e+02	 5.806856e+00	 4.253431e+00
 8.733262e+02	 5.695081e+00	 4.171261e+00
 8.973072e+02	 5.584934e+00	 4.090300e+00
 9.219468e+02	 5.476413e+00	 4.010546e+00
 9.472630e+02	 5.369517e+00	 3.931998e+00
 9.732744e+02	 5.264243e+00	 3.854652e+00
 1.000000e+03	 5.160586e+00	 3.778504e+00
 1.027459e+03	 5.058540e+00	 3.703550e+00
 1.055673e+03	 4.958100e+00	 3.629784e+00
 1.084661e+03	 4.859258e+00	 3.557200e+00
 1.114445e+03	 4.762006e+00	 3.485792e+00
 1.145048e+03	 4.666334e+00	 3.415553e+00
 1.176490e+03	 4.572233e+00	 3.346474e+00
 1.208796e+03	 4.479692e+00	 3.278548e+00
 1.241989e+03	 4.388700e+00	 3.211766e+00
 1.276093e+03	 4.299246e+00	 3.146119e+00
 1.311134e+03	 4.211315e+00	 3.081597e+00
 1.347137e+03	 4.124897e+00	 3.018190e+00
 1.384129e+03	 4.039976e+00	 2.955888e+00
 1.422136e+03	 3.956538e+00	 2.894680e+00
 1.461187e+03	 3.874570e+00	 2.834555e+00
 1.501311e+03	 3.794056e+00	 2.775501e+00
 1.542536e+03	 3.714981e+00	 2.717509e+00
 1.584893e+03	 3.637330e+00	 2.660564e+00
 1.628414e+03	 3.561085e+00	 2.604657e+00
 1.673129e+03	 3.486231e+00	 2.549773e+00
 1.719072e+03	 3.412752e+00	 2.495902e+00
 1.766277e+03	 3.340630e+00	 2.443030e+00
 1.814778e+03	 3.269849e+00	 2.391145e+00
 1.864611e+03	 3.200392e+00	 2.340234e+00
 1.915812e+03	 3.132241e+00	 2.290284e+00
 1.968419e+03	 3.065379e+00	 2.241283e+00
 2.022471e+03	 2.999788e+00	 2.193217e+00
 2.078007e+03	 2.935451e+00	 2.146073e+00
 2.135068e+03	 2.872351e+00	 2.099838e+00
 2.193696e+03	 2.810469e+00	 2.054500e+00
 2.253934e+03	 2.749788e+00	 2.010044e+00
 2.315826e+03	 2.690289e+00	 1.966458e+00
 2.379417e+03	 2.631956e+00	 1.923729e+00
 2.444755e+03	 2.574771e+00	 1.881843e+00
 2.511886e+03	 2.518716e+00	 1.840787e+00
 2.580862e+03	 2.463773e+00	 1.800549e+00
 2.651731e+03	 2.409925e+00	 1.761116e+00
 2.724546e+03	 2.357154e+00	 1.722473e+00
 2.799360e+03	 2.305443e+00	 1.684610e+00
 2.876229e+03	 2.254775e+00	 1.647512e+00
 2.955209e+03	 2.205132e+00	 1.611168e+00
 3.036358e+03	 2.156497e+00	 1.575563e+00
 3.119735e+03	 2.108853e+00	 1.540687e+00
 3.205401e+03	 2.062184e+00	 1.506527e+00
 3.293420e+03	 2.016473e+00	 1.473069e+00
 3.383855e+03	 1.971703e+00	 1.440302e+00
 3.476774e+03	 1.927858e+00	 1.408215e+00
 3.572245e+03	 1.884921e+00	 1.376794e+00
 3.670336e+03	 1.842877e+00	 1.346028e+00
 3.771122e+03	 1.801709e+00	 1.315905e+00
 3.874675e+03	 1.761402e+00	 1.286414e+00
 3.981072e+03	 1.721940e+00	 1.257543e+00
 4.090390e+03	 1.683308e+00	 1.229281e+00
 4.202710e+03	 1.645490e+00	 1.201616e+00
 4.318114e+03	 1.608472e+00	 1.174538e+00
 4.436687e+03	 1.572238e+00	 1.148035e+00
 4.558516e+03	 1.536775e+00	 1.122097e+00
 4.683691e+03	 1.502066e+00	 1.096712e+00
 4.812303e+03	 1.468099e+00	 1.071872e+00
 4.944446e+03	 1.434858e+00	 1.047564e+00
 5.080218e+03	 1.402331e+00	 1.023779e+00
 5.219718e+03	 1.370503e+00	 1.000507e+00
 5.363049e+03	 1.339361e+00	 9.777373e-01
 5.510316e+03	 1.308892e+00	 9.554609e-01
 5.661626e+03	 1.279082e+00	 9.336677e-01
 5.817091e+03	 1.249918e+00	 9.123483e-01
 5.976826e+03	 1.221388e+00	 8.914934e-01
 6.140946e+03	 1.193480e+00	 8.710937e-01
 6.309573e+03	 1.166180e+00	 8.511401e-01
 6.482831e+03	 1.139477e+00	 8.316236e-01
 6.660846e+03	 1.113359e+00	 8.125356e-01
 6.843750e+03	 1.087814e+00	 7.938673e-01
 7.031676e+03	 1.062830e+00	 7.756103e-01
 7.224762e+03	 1.038397e+00	 7.577562e-01
 7.423150e+03	 1.014502e+00	 7.402967e-01
 7.626986e+03	 9.911356e-01	 7.232239e-01
 7.836419e+03	 9.682860e-01	 7.065296e-01
 8.051603e+03	 9.459429e-01	 6.902062e-01
 8.272696e+03	 9.240959e-01	 6.742460e-01
 8.499860e+03	 9.027346e-01	 6.586414e-01
 8.733262e+03	 8.818490e-01	 6.433850e-01
 8.973072e+03	 8.614293e-01	 6.284696e-01
 9.219468e+03	 8.414656e-01	 6.138879e-01
 9.472630e+03	 8.219486e-01	 5.996331e-01
 9.732744e+03	 8.028687e-01	 5.856983e-01
 1.000000e+04	 7.842168e-01	 5.720766e-01
