 1.000000e+01	 0.000000e+00
 1.027459e+01	 0.000000e+00
 1.055673e+01	 1.202023e-03
 1.084661e+01	 5.405143e-02
 1.114445e+01	 1.101105e-01
 1.145048e+01	 1.689805e-01
 1.176490e+01	 2.302928e-01
 1.208796e+01	 2.937060e-01
 1.241989e+01	 3.589045e-01
 1.276093e+01	 4.255966e-01
 1.311134e+01	 5.187597e-01
 1.347137e+01	 6.977288e-01
 1.384129e+01	 9.269922e-01
 1.422136e+01	 1.198994e+00
 1.461187e+01	 1.509122e+00
 1.501311e+01	 1.828871e+00
 1.542536e+01	 2.156681e+00
 1.584893e+01	 2.491108e+00
 1.628414e+01	 2.830819e+00
 1.673129e+01	 3.174583e+00
 1.719072e+01	 3.555608e+00
 1.766277e+01	 3.968971e+00
 1.814778e+01	 4.403058e+00
 1.864611e+01	 4.872940e+00
 1.915812e+01	 5.346933e+00
 1.968419e+01	 5.823490e+00
 2.022471e+01	 6.301186e+00
 2.078007e+01	 6.778708e+00
 2.135068e+01	 7.254850e+00
 2.193696e+01	 7.728500e+00
 2.253934e+01	 8.198638e+00
 2.315826e+01	 8.664330e+00
 2.379417e+01	 9.124715e+00
 2.444755e+01	 9.579008e+00
 2.511886e+01	 1.002649e+01
 2.580862e+01	 1.046650e+01
 2.651731e+01	 1.089845e+01
 2.724546e+01	 1.133124e+01
 2.799360e+01	 1.175884e+01
 2.876229e+01	 1.217854e+01
 2.955209e+01	 1.259932e+01
 3.036358e+01	 1.301084e+01
 3.119735e+01	 1.341260e+01
 3.205401e+01	 1.380415e+01
 3.293420e+01	 1.418509e+01
 3.383855e+01	 1.455905e+01
 3.476774e+01	 1.492917e+01
 3.572245e+01	 1.529203e+01
 3.670336e+01	 1.564377e+01
 3.771122e+01	 1.598409e+01
 3.874675e+01	 1.631270e+01
 3.981072e+01	 1.662936e+01
 4.090390e+01	 1.693386e+01
 4.202710e+01	 1.722602e+01
 4.318114e+01	 1.750569e+01
 4.436687e+01	 1.777277e+01
 4.558516e+01	 1.802716e+01
 4.683691e+01	 1.826881e+01
 4.812303e+01	 1.849767e+01
 4.944446e+01	 1.871374e+01
 5.080218e+01	 1.891701e+01
 5.219718e+01	 1.910753e+01
 5.363049e+01	 1.928534e+01
 5.510316e+01	 1.945050e+01
 5.661626e+01	 1.960310e+01
 5.817091e+01	 1.974323e+01
 5.976826e+01	 1.987102e+01
 6.140946e+01	 1.998660e+01
 6.309573e+01	 2.009010e+01
 6.482831e+01	 2.018168e+01
 6.660846e+01	 2.026151e+01
 6.843750e+01	 2.032977e+01
 7.031676e+01	 2.038665e+01
 7.224762e+01	 2.043234e+01
 7.423150e+01	 2.046705e+01
 7.626986e+01	 2.049100e+01
 7.836419e+01	 2.050442e+01
 8.051603e+01	 2.050752e+01
 8.272696e+01	 2.050055e+01
 8.499860e+01	 2.048375e+01
 8.733262e+01	 2.045737e+01
 8.973072e+01	 2.042165e+01
 9.219468e+01	 2.037686e+01
 9.472630e+01	 2.032326e+01
 9.732744e+01	 2.026110e+01
 1.000000e+02	 2.019065e+01
 1.027459e+02	 2.011217e+01
 1.055673e+02	 2.002594e+01
 1.084661e+02	 1.993223e+01
 1.114445e+02	 1.983130e+01
 1.145048e+02	 1.972342e+01
 1.176490e+02	 1.960886e+01
 1.208796e+02	 1.948789e+01
 1.241989e+02	 1.936079e+01
 1.276093e+02	 1.922780e+01
 1.311134e+02	 1.908921e+01
 1.347137e+02	 1.894527e+01
 1.384129e+02	 1.879624e+01
 1.422136e+02	 1.864237e+01
 1.461187e+02	 1.848393e+01
 1.501311e+02	 1.832116e+01
 1.542536e+02	 1.815432e+01
 1.584893e+02	 1.798363e+01
 1.628414e+02	 1.780935e+01
 1.673129e+02	 1.763171e+01
 1.719072e+02	 1.745094e+01
 1.766277e+02	 1.726726e+01
 1.814778e+02	 1.708090e+01
 1.864611e+02	 1.689207e+01
 1.915812e+02	 1.670098e+01
 1.968419e+02	 1.650785e+01
 2.022471e+02	 1.631287e+01
 2.078007e+02	 1.611624e+01
 2.135068e+02	 1.591815e+01
 2.193696e+02	 1.571879e+01
 2.253934e+02	 1.551833e+01
 2.315826e+02	 1.531694e+01
 2.379417e+02	 1.511481e+01
 2.444755e+02	 1.491209e+01
 2.511886e+02	 1.470894e+01
 2.580862e+02	 1.450550e+01
 2.651731e+02	 1.430194e+01
 2.724546e+02	 1.409839e+01
 2.799360e+02	 1.389498e+01
 2.876229e+02	 1.369185e+01
 2.955209e+02	 1.348912e+01
 3.036358e+02	 1.328692e+01
 3.119735e+02	 1.308558e+01
 3.205401e+02	 1.288518e+01
 3.293420e+02	 1.268564e+01
 3.383855e+02	 1.248707e+01
 3.476774e+02	 1.228957e+01
 3.572245e+02	 1.209321e+01
 3.670336e+02	 1.189808e+01
 3.771122e+02	 1.170426e+01
 3.874675e+02	 1.151183e+01
 3.981072e+02	 1.132084e+01
 4.090390e+02	 1.113138e+01
 4.202710e+02	 1.094350e+01
 4.318114e+02	 1.075733e+01
 4.436687e+02	 1.057290e+01
 4.558516e+02	 1.039021e+01
 4.683691e+02	 1.020933e+01
 4.812303e+02	 1.003028e+01
 4.944446e+02	 9.853106e+00
 5.080218e+02	 9.677851e+00
 5.219718e+02	 9.504545e+00
 5.363049e+02	 9.333217e+00
 5.510316e+02	 9.163896e+00
 5.661626e+02	 8.996604e+00
 5.817091e+02	 8.831364e+00
 5.976826e+02	 8.668196e+00
 6.140946e+02	 8.507115e+00
 6.309573e+02	 8.348136e+00
 6.482831e+02	 8.191271e+00
 6.660846e+02	 8.036529e+00
 6.843750e+02	 7.883919e+00
 7.031676e+02	 7.733444e+00
 7.224762e+02	 7.585110e+00
 7.423150e+02	 7.438918e+00
 7.626986e+02	 7.294867e+00
 7.836419e+02	 7.152956e+00
 8.051603e+02	 7.013181e+00
 8.272696e+02	 6.875539e+00
 8.499860e+02	 6.740021e+00
 8.733262e+02	 6.606622e+00
 8.973072e+02	 6.475331e+00
 9.219468e+02	 6.346138e+00
 9.472630e+02	 6.219033e+00
 9.732744e+02	 6.094003e+00
 1.000000e+03	 5.971034e+00
 1.027459e+03	 5.850112e+00
 1.055673e+03	 5.731221e+00
 1.084661e+03	 5.614347e+00
 1.114445e+03	 5.499471e+00
 1.145048e+03	 5.386576e+00
 1.176490e+03	 5.275645e+00
 1.208796e+03	 5.166657e+00
 1.241989e+03	 5.059594e+00
 1.276093e+03	 4.954436e+00
 1.311134e+03	 4.851162e+00
 1.347137e+03	 4.749751e+00
 1.384129e+03	 4.650182e+00
 1.422136e+03	 4.552434e+00
 1.461187e+03	 4.456485e+00
 1.501311e+03	 4.362312e+00
 1.542536e+03	 4.269892e+00
 1.584893e+03	 4.179205e+00
 1.628414e+03	 4.090225e+00
 1.673129e+03	 4.002931e+00
 1.719072e+03	 3.917300e+00
 1.766277e+03	 3.833308e+00
 1.814778e+03	 3.750931e+00
 1.864611e+03	 3.670148e+00
 1.915812e+03	 3.590933e+00
 1.968419e+03	 3.513265e+00
 2.022471e+03	 3.437119e+00
 2.078007e+03	 3.362473e+00
 2.135068e+03	 3.289302e+00
 2.193696e+03	 3.217585e+00
 2.253934e+03	 3.147297e+00
 2.315826e+03	 3.078417e+00
 2.379417e+03	 3.010920e+00
 2.444755e+03	 2.944785e+00
 2.511886e+03	 2.879989e+00
 2.580862e+03	 2.816509e+00
 2.651731e+03	 2.754324e+00
 2.724546e+03	 2.693410e+00
 2.799360e+03	 2.633747e+00
 2.876229e+03	 2.575312e+00
 2.955209e+03	 2.518084e+00
 3.036358e+03	 2.462043e+00
 3.119735e+03	 2.407165e+00
 3.205401e+03	 2.353432e+00
 3.293420e+03	 2.300822e+00
 3.383855e+03	 2.249314e+00
 3.476774e+03	 2.198890e+00
 3.572245e+03	 2.149528e+00
 3.670336e+03	 2.101209e+00
 3.771122e+03	 2.053914e+00
 3.874675e+03	 2.007624e+00
 3.981072e+03	 1.962319e+00
 4.090390e+03	 1.917980e+00
 4.202710e+03	 1.874591e+00
 4.318114e+03	 1.832132e+00
 4.436687e+03	 1.790585e+00
 4.558516e+03	 1.749933e+00
 4.683691e+03	 1.710158e+00
 4.812303e+03	 1.671243e+00
 4.944446e+03	 1.633172e+00
 5.080218e+03	 1.595928e+00
 5.219718e+03	 1.559494e+00
 5.363049e+03	 1.523855e+00
 5.510316e+03	 1.488993e+00
 5.661626e+03	 1.454895e+00
 5.817091e+03	 1.421544e+00
 5.976826e+03	 1.388926e+00
 6.140946e+03	 1.357025e+00
 6.309573e+03	 1.325828e+00
 6.482831e+03	 1.295319e+00
 6.660846e+03	 1.265484e+00
 6.843750e+03	 1.236311e+00
 7.031676e+03	 1.207784e+00
 7.224762e+03	 1.179892e+00
 7.423150e+03	 1.152619e+00
 7.626986e+03	 1.125955e+00
 7.836419e+03	 1.099885e+00
 8.051603e+03	 1.074399e+00
 8.272696e+03	 1.049482e+00
 8.499860e+03	 1.025124e+00
 8.733262e+03	 1.001312e+00
 8.973072e+03	 9.780360e-01
 9.219468e+03	 9.552833e-01
 9.472630e+03	 9.330431e-01
 9.732744e+03	 9.113046e-01
 1.000000e+04	 8.900571e-01
