 1.000000e+01	 0.000000e+00	 0.000000e+00
 1.027459e+01	 0.000000e+00	 0.000000e+00
 1.055673e+01	 0.000000e+00	 0.000000e+00
 1.084661e+01	 5.349217e-03	 6.292788e-02
 1.114445e+01	 8.439361e-02	 1.476516e-01
 1.145048e+01	 1.683718e-01	 2.370185e-01
 1.176490e+01	 2.567109e-01	 3.304739e-01
 1.208796e+01	 3.488807e-01	 4.275040e-01
 1.241989e+01	 4.443899e-01	 5.276330e-01
 1.276093e+01	 5.427840e-01	 6.304207e-01
 1.311134e+01	 6.436420e-01	 7.354593e-01
 1.347137e+01	 7.465742e-01	 8.423714e-01
 1.384129e+01	 8.512199e-01	 9.508078e-01
 1.422136e+01	 9.572454e-01	 1.060445e+00
 1.461187e+01	 1.084408e+00	 1.170984e+00
 1.501311e+01	 1.252587e+00	 1.282147e+00
 1.542536e+01	 1.424695e+00	 1.393678e+00
 1.584893e+01	 1.600046e+00	 1.505340e+00
 1.628414e+01	 1.795650e+00	 1.616912e+00
 1.673129e+01	 2.020344e+00	 1.728190e+00
 1.719072e+01	 2.249062e+00	 1.838987e+00
 1.766277e+01	 2.521745e+00	 1.949127e+00
 1.814778e+01	 2.811642e+00	 2.058448e+00
 1.864611e+01	 3.106005e+00	 2.166800e+00
 1.915812e+01	 3.403792e+00	 2.274044e+00
 1.968419e+01	 3.704038e+00	 2.380052e+00
 2.022471e+01	 4.005851e+00	 2.517245e+00
 2.078007e+01	 4.308409e+00	 2.660283e+00
 2.135068e+01	 4.610953e+00	 2.803705e+00
 2.193696e+01	 4.912781e+00	 2.947137e+00
 2.253934e+01	 5.213247e+00	 3.090235e+00
 2.315826e+01	 5.511754e+00	 3.232680e+00
 2.379417e+01	 5.808902e+00	 3.374178e+00
 2.444755e+01	 6.131807e+00	 3.514456e+00
 2.511886e+01	 6.452909e+00	 3.653265e+00
 2.580862e+01	 6.771541e+00	 3.801258e+00
 2.651731e+01	 7.087090e+00	 3.960001e+00
 2.724546e+01	 7.398991e+00	 4.117880e+00
 2.799360e+01	 7.706725e+00	 4.274541e+00
 2.876229e+01	 8.009818e+00	 4.429660e+00
 2.955209e+01	 8.307834e+00	 4.582938e+00
 3.036358e+01	 8.600374e+00	 4.734101e+00
 3.119735e+01	 8.887074e+00	 4.901462e+00
 3.205401e+01	 9.167604e+00	 5.070586e+00
 3.293420e+01	 9.441661e+00	 5.237916e+00
 3.383855e+01	 9.708971e+00	 5.403088e+00
 3.476774e+01	 9.969290e+00	 5.565773e+00
 3.572245e+01	 1.022239e+01	 5.725666e+00
 3.670336e+01	 1.046808e+01	 5.882493e+00
 3.771122e+01	 1.070618e+01	 6.036002e+00
 3.874675e+01	 1.094211e+01	 6.185965e+00
 3.981072e+01	 1.117627e+01	 6.332178e+00
 4.090390e+01	 1.140302e+01	 6.474454e+00
 4.202710e+01	 1.162217e+01	 6.612628e+00
 4.318114e+01	 1.183357e+01	 6.746550e+00
 4.436687e+01	 1.203706e+01	 6.876090e+00
 4.558516e+01	 1.223252e+01	 7.001132e+00
 4.683691e+01	 1.241985e+01	 7.121573e+00
 4.812303e+01	 1.259896e+01	 7.237327e+00
 4.944446e+01	 1.276978e+01	 7.348320e+00
 5.080218e+01	 1.293226e+01	 7.454489e+00
 5.219718e+01	 1.308636e+01	 7.555783e+00
 5.363049e+01	 1.323207e+01	 7.652163e+00
 5.510316e+01	 1.336937e+01	 7.743599e+00
 5.661626e+01	 1.349826e+01	 7.830070e+00
 5.817091e+01	 1.361876e+01	 7.911567e+00
 5.976826e+01	 1.373091e+01	 7.988086e+00
 6.140946e+01	 1.383474e+01	 8.059634e+00
 6.309573e+01	 1.393031e+01	 8.126224e+00
 6.482831e+01	 1.401767e+01	 8.187876e+00
 6.660846e+01	 1.409690e+01	 8.244618e+00
 6.843750e+01	 1.416807e+01	 8.296485e+00
 7.031676e+01	 1.423127e+01	 8.343515e+00
 7.224762e+01	 1.428660e+01	 8.385755e+00
 7.423150e+01	 1.433417e+01	 8.423256e+00
 7.626986e+01	 1.437409e+01	 8.458159e+00
 7.836419e+01	 1.440646e+01	 8.490887e+00
 8.051603e+01	 1.443143e+01	 8.519258e+00
 8.272696e+01	 1.444912e+01	 8.543306e+00
 8.499860e+01	 1.445966e+01	 8.563071e+00
 8.733262e+01	 1.446319e+01	 8.578601e+00
 8.973072e+01	 1.445987e+01	 8.589949e+00
 9.219468e+01	 1.444985e+01	 8.597172e+00
 9.472630e+01	 1.443327e+01	 8.600336e+00
 9.732744e+01	 1.441029e+01	 8.599510e+00
 1.000000e+02	 1.438109e+01	 8.594765e+00
 1.027459e+02	 1.434582e+01	 8.586181e+00
 1.055673e+02	 1.430464e+01	 8.573837e+00
 1.084661e+02	 1.425774e+01	 8.557818e+00
 1.114445e+02	 1.420527e+01	 8.538212e+00
 1.145048e+02	 1.414743e+01	 8.515109e+00
 1.176490e+02	 1.408437e+01	 8.488602e+00
 1.208796e+02	 1.401627e+01	 8.458785e+00
 1.241989e+02	 1.394332e+01	 8.425755e+00
 1.276093e+02	 1.386568e+01	 8.389610e+00
 1.311134e+02	 1.378354e+01	 8.350450e+00
 1.347137e+02	 1.369707e+01	 8.308376e+00
 1.384129e+02	 1.360645e+01	 8.263489e+00
 1.422136e+02	 1.351185e+01	 8.215891e+00
 1.461187e+02	 1.341345e+01	 8.165685e+00
 1.501311e+02	 1.331143e+01	 8.112973e+00
 1.542536e+02	 1.320596e+01	 8.057860e+00
 1.584893e+02	 1.309720e+01	 8.000447e+00
 1.628414e+02	 1.298533e+01	 7.940837e+00
 1.673129e+02	 1.287052e+01	 7.879132e+00
 1.719072e+02	 1.275293e+01	 7.815433e+00
 1.766277e+02	 1.263272e+01	 7.749840e+00
 1.814778e+02	 1.251006e+01	 7.682454e+00
 1.864611e+02	 1.238510e+01	 7.613373e+00
 1.915812e+02	 1.225801e+01	 7.542693e+00
 1.968419e+02	 1.212892e+01	 7.470512e+00
 2.022471e+02	 1.199800e+01	 7.396923e+00
 2.078007e+02	 1.186539e+01	 7.322020e+00
 2.135068e+02	 1.173123e+01	 7.245894e+00
 2.193696e+02	 1.159567e+01	 7.168635e+00
 2.253934e+02	 1.145884e+01	 7.090331e+00
 2.315826e+02	 1.132087e+01	 7.011068e+00
 2.379417e+02	 1.118190e+01	 6.930931e+00
 2.444755e+02	 1.104205e+01	 6.850002e+00
 2.511886e+02	 1.090144e+01	 6.768362e+00
 2.580862e+02	 1.076020e+01	 6.686088e+00
 2.651731e+02	 1.061844e+01	 6.603257e+00
 2.724546e+02	 1.047627e+01	 6.519943e+00
 2.799360e+02	 1.033380e+01	 6.436219e+00
 2.876229e+02	 1.019114e+01	 6.352154e+00
 2.955209e+02	 1.004839e+01	 6.267815e+00
 3.036358e+02	 9.905637e+00	 6.183269e+00
 3.119735e+02	 9.763066e+00	 6.098579e+00
 3.205401e+02	 9.620811e+00	 6.013806e+00
 3.293420e+02	 9.478842e+00	 5.929009e+00
 3.383855e+02	 9.337243e+00	 5.844246e+00
 3.476774e+02	 9.196090e+00	 5.759569e+00
 3.572245e+02	 9.055459e+00	 5.675033e+00
 3.670336e+02	 8.915421e+00	 5.590688e+00
 3.771122e+02	 8.776046e+00	 5.506582e+00
 3.874675e+02	 8.637398e+00	 5.422761e+00
 3.981072e+02	 8.499539e+00	 5.339270e+00
 4.090390e+02	 8.362528e+00	 5.256151e+00
 4.202710e+02	 8.226421e+00	 5.173444e+00
 4.318114e+02	 8.091272e+00	 5.091187e+00
 4.436687e+02	 7.957129e+00	 5.009416e+00
 4.558516e+02	 7.824039e+00	 4.928255e+00
 4.683691e+02	 7.692048e+00	 4.847712e+00
 4.812303e+02	 7.561197e+00	 4.767760e+00
 4.944446e+02	 7.431523e+00	 4.688426e+00
 5.080218e+02	 7.303065e+00	 4.609736e+00
 5.219718e+02	 7.175854e+00	 4.531716e+00
 5.363049e+02	 7.049923e+00	 4.454388e+00
 5.510316e+02	 6.925301e+00	 4.377773e+00
 5.661626e+02	 6.802037e+00	 4.301893e+00
 5.817091e+02	 6.680171e+00	 4.226765e+00
 5.976826e+02	 6.559689e+00	 4.152408e+00
 6.140946e+02	 6.440611e+00	 4.078836e+00
 6.309573e+02	 6.322955e+00	 4.006065e+00
 6.482831e+02	 6.206736e+00	 3.934108e+00
 6.660846e+02	 6.091968e+00	 3.862977e+00
 6.843750e+02	 5.978664e+00	 3.792684e+00
 7.031676e+02	 5.866833e+00	 3.723237e+00
 7.224762e+02	 5.756484e+00	 3.654647e+00
 7.423150e+02	 5.647626e+00	 3.586920e+00
 7.626986e+02	 5.540262e+00	 3.520063e+00
 7.836419e+02	 5.434398e+00	 3.454083e+00
 8.051603e+02	 5.330037e+00	 3.388983e+00
 8.272696e+02	 5.227179e+00	 3.324767e+00
 8.499860e+02	 5.125825e+00	 3.261439e+00
 8.733262e+02	 5.025975e+00	 3.199001e+00
 8.973072e+02	 4.927626e+00	 3.137454e+00
 9.219468e+02	 4.830775e+00	 3.076799e+00
 9.472630e+02	 4.735419e+00	 3.017035e+00
 9.732744e+02	 4.641551e+00	 2.958161e+00
 1.000000e+03	 4.549165e+00	 2.900177e+00
 1.027459e+03	 4.458256e+00	 2.843080e+00
 1.055673e+03	 4.368815e+00	 2.786867e+00
 1.084661e+03	 4.280833e+00	 2.731536e+00
 1.114445e+03	 4.194302e+00	 2.677082e+00
 1.145048e+03	 4.109212e+00	 2.623501e+00
 1.176490e+03	 4.025551e+00	 2.570788e+00
 1.208796e+03	 3.943309e+00	 2.518939e+00
 1.241989e+03	 3.862474e+00	 2.467947e+00
 1.276093e+03	 3.783035e+00	 2.417807e+00
 1.311134e+03	 3.704977e+00	 2.368511e+00
 1.347137e+03	 3.628288e+00	 2.320055e+00
 1.384129e+03	 3.552955e+00	 2.272429e+00
 1.422136e+03	 3.478963e+00	 2.225628e+00
 1.461187e+03	 3.406298e+00	 2.179643e+00
 1.501311e+03	 3.334946e+00	 2.134466e+00
 1.542536e+03	 3.264892e+00	 2.090090e+00
 1.584893e+03	 3.196121e+00	 2.046507e+00
 1.628414e+03	 3.128616e+00	 2.003706e+00
 1.673129e+03	 3.062363e+00	 1.961681e+00
 1.719072e+03	 2.997347e+00	 1.920422e+00
 1.766277e+03	 2.933550e+00	 1.879920e+00
 1.814778e+03	 2.870957e+00	 1.840166e+00
 1.864611e+03	 2.809552e+00	 1.801150e+00
 1.915812e+03	 2.749319e+00	 1.762864e+00
 1.968419e+03	 2.690241e+00	 1.725298e+00
 2.022471e+03	 2.632301e+00	 1.688442e+00
 2.078007e+03	 2.575484e+00	 1.652287e+00
 2.135068e+03	 2.519774e+00	 1.616823e+00
 2.193696e+03	 2.465153e+00	 1.582041e+00
 2.253934e+03	 2.411605e+00	 1.547930e+00
 2.315826e+03	 2.359113e+00	 1.514481e+00
 2.379417e+03	 2.307662e+00	 1.481685e+00
 2.444755e+03	 2.257236e+00	 1.449531e+00
 2.511886e+03	 2.207817e+00	 1.418010e+00
 2.580862e+03	 2.159389e+00	 1.387113e+00
 2.651731e+03	 2.111937e+00	 1.356828e+00
 2.724546e+03	 2.065445e+00	 1.327148e+00
 2.799360e+03	 2.019896e+00	 1.298062e+00
 2.876229e+03	 1.975275e+00	 1.269560e+00
 2.955209e+03	 1.931566e+00	 1.241634e+00
 3.036358e+03	 1.888753e+00	 1.214273e+00
 3.119735e+03	 1.846822e+00	 1.187468e+00
 3.205401e+03	 1.805756e+00	 1.161210e+00
 3.293420e+03	 1.765540e+00	 1.135490e+00
 3.383855e+03	 1.726160e+00	 1.110298e+00
 3.476774e+03	 1.687601e+00	 1.085625e+00
 3.572245e+03	 1.649847e+00	 1.061463e+00
 3.670336e+03	 1.612885e+00	 1.037801e+00
 3.771122e+03	 1.576699e+00	 1.014632e+00
 3.874675e+03	 1.541277e+00	 9.919466e-01
 3.981072e+03	 1.506603e+00	 9.697360e-01
 4.090390e+03	 1.472663e+00	 9.479915e-01
 4.202710e+03	 1.439445e+00	 9.267048e-01
 4.318114e+03	 1.406934e+00	 9.058674e-01
 4.436687e+03	 1.375117e+00	 8.854711e-01
 4.558516e+03	 1.343981e+00	 8.655075e-01
 4.683691e+03	 1.313513e+00	 8.459686e-01
 4.812303e+03	 1.283699e+00	 8.268465e-01
 4.944446e+03	 1.254529e+00	 8.081331e-01
 5.080218e+03	 1.225988e+00	 7.898208e-01
 5.219718e+03	 1.198065e+00	 7.719018e-01
 5.363049e+03	 1.170747e+00	 7.543686e-01
 5.510316e+03	 1.144023e+00	 7.372137e-01
 5.661626e+03	 1.117881e+00	 7.204297e-01
 5.817091e+03	 1.092309e+00	 7.040095e-01
 5.976826e+03	 1.067296e+00	 6.879458e-01
 6.140946e+03	 1.042831e+00	 6.722316e-01
 6.309573e+03	 1.018903e+00	 6.568600e-01
 6.482831e+03	 9.955005e-01	 6.418242e-01
 6.660846e+03	 9.726135e-01	 6.271175e-01
 6.843750e+03	 9.502313e-01	 6.127333e-01
 7.031676e+03	 9.283436e-01	 5.986650e-01
 7.224762e+03	 9.069403e-01	 5.849063e-01
 7.423150e+03	 8.860115e-01	 5.714510e-01
 7.626986e+03	 8.655473e-01	 5.582928e-01
 7.836419e+03	 8.455382e-01	 5.454256e-01
 8.051603e+03	 8.259748e-01	 5.328435e-01
 8.272696e+03	 8.068477e-01	 5.205407e-01
 8.499860e+03	 7.881479e-01	 5.085113e-01
 8.733262e+03	 7.698663e-01	 4.967497e-01
 8.973072e+03	 7.519944e-01	 4.852503e-01
 9.219468e+03	 7.345234e-01	 4.740077e-01
 9.472630e+03	 7.174448e-01	 4.630164e-01
 9.732744e+03	 7.007504e-01	 4.522714e-01
 1.000000e+04	 6.844320e-01	 4.417672e-01
