 1.000000e+01	 0.000000e+00	 1.179323e-02
 1.027459e+01	 1.237289e-02	 1.128213e-01
 1.055673e+01	 1.099762e-01	 2.200298e-01
 1.084661e+01	 2.135226e-01	 3.326845e-01
 1.114445e+01	 3.223022e-01	 4.501058e-01
 1.145048e+01	 4.356577e-01	 5.716643e-01
 1.176490e+01	 5.529805e-01	 6.967778e-01
 1.208796e+01	 6.737075e-01	 8.249071e-01
 1.241989e+01	 7.973177e-01	 9.555534e-01
 1.276093e+01	 9.233286e-01	 1.088255e+00
 1.311134e+01	 1.051294e+00	 1.222585e+00
 1.347137e+01	 1.221376e+00	 1.358148e+00
 1.384129e+01	 1.422734e+00	 1.494579e+00
 1.422136e+01	 1.628724e+00	 1.631540e+00
 1.461187e+01	 1.838528e+00	 1.768716e+00
 1.501311e+01	 2.051387e+00	 1.905820e+00
 1.542536e+01	 2.266598e+00	 2.042583e+00
 1.584893e+01	 2.527172e+00	 2.178758e+00
 1.628414e+01	 2.810270e+00	 2.314115e+00
 1.673129e+01	 3.097192e+00	 2.448442e+00
 1.719072e+01	 3.386962e+00	 2.582144e+00
 1.766277e+01	 3.678674e+00	 2.761215e+00
 1.814778e+01	 3.971495e+00	 2.941502e+00
 1.864611e+01	 4.264655e+00	 3.122480e+00
 1.915812e+01	 4.557443e+00	 3.303666e+00
 1.968419e+01	 4.849202e+00	 3.484615e+00
 2.022471e+01	 5.139328e+00	 3.664913e+00
 2.078007e+01	 5.427263e+00	 3.844180e+00
 2.135068e+01	 5.712493e+00	 4.022064e+00
 2.193696e+01	 5.994547e+00	 4.198242e+00
 2.253934e+01	 6.272988e+00	 4.372414e+00
 2.315826e+01	 6.547417e+00	 4.544305e+00
 2.379417e+01	 6.817468e+00	 4.713662e+00
 2.444755e+01	 7.082803e+00	 4.880253e+00
 2.511886e+01	 7.343114e+00	 5.045571e+00
 2.580862e+01	 7.598120e+00	 5.236213e+00
 2.651731e+01	 7.847564e+00	 5.425131e+00
 2.724546e+01	 8.105503e+00	 5.611916e+00
 2.799360e+01	 8.366307e+00	 5.796193e+00
 2.876229e+01	 8.622071e+00	 5.977619e+00
 2.955209e+01	 8.872454e+00	 6.155880e+00
 3.036358e+01	 9.117144e+00	 6.330689e+00
 3.119735e+01	 9.355859e+00	 6.501786e+00
 3.205401e+01	 9.588345e+00	 6.668932e+00
 3.293420e+01	 9.814370e+00	 6.831915e+00
 3.383855e+01	 1.003373e+01	 6.990541e+00
 3.476774e+01	 1.024624e+01	 7.144635e+00
 3.572245e+01	 1.045174e+01	 7.294043e+00
 3.670336e+01	 1.065008e+01	 7.438626e+00
 3.771122e+01	 1.084114e+01	 7.578263e+00
 3.874675e+01	 1.102482e+01	 7.712847e+00
 3.981072e+01	 1.120101e+01	 7.842284e+00
 4.090390e+01	 1.136966e+01	 7.966498e+00
 4.202710e+01	 1.153070e+01	 8.085422e+00
 4.318114e+01	 1.168408e+01	 8.199000e+00
 4.436687e+01	 1.182977e+01	 8.307192e+00
 4.558516e+01	 1.196776e+01	 8.409965e+00
 4.683691e+01	 1.209803e+01	 8.507297e+00
 4.812303e+01	 1.222059e+01	 8.599175e+00
 4.944446e+01	 1.233546e+01	 8.685596e+00
 5.080218e+01	 1.244266e+01	 8.766567e+00
 5.219718e+01	 1.254222e+01	 8.842099e+00
 5.363049e+01	 1.263420e+01	 8.912215e+00
 5.510316e+01	 1.271864e+01	 8.976943e+00
 5.661626e+01	 1.279561e+01	 9.036319e+00
 5.817091e+01	 1.286518e+01	 9.090383e+00
 5.976826e+01	 1.292743e+01	 9.139185e+00
 6.140946e+01	 1.298244e+01	 9.182778e+00
 6.309573e+01	 1.303030e+01	 9.221223e+00
 6.482831e+01	 1.307112e+01	 9.254583e+00
 6.660846e+01	 1.310500e+01	 9.282930e+00
 6.843750e+01	 1.313205e+01	 9.306336e+00
 7.031676e+01	 1.315238e+01	 9.324881e+00
 7.224762e+01	 1.316613e+01	 9.338648e+00
 7.423150e+01	 1.317340e+01	 9.347724e+00
 7.626986e+01	 1.317435e+01	 9.352198e+00
 7.836419e+01	 1.316909e+01	 9.352165e+00
 8.051603e+01	 1.315778e+01	 9.347720e+00
 8.272696e+01	 1.314054e+01	 9.338964e+00
 8.499860e+01	 1.311754e+01	 9.325998e+00
 8.733262e+01	 1.308891e+01	 9.308927e+00
 8.973072e+01	 1.305480e+01	 9.287857e+00
 9.219468e+01	 1.301538e+01	 9.262896e+00
 9.472630e+01	 1.297078e+01	 9.234154e+00
 9.732744e+01	 1.292118e+01	 9.201743e+00
 1.000000e+02	 1.286673e+01	 9.165776e+00
 1.027459e+02	 1.280759e+01	 9.126364e+00
 1.055673e+02	 1.274392e+01	 9.083624e+00
 1.084661e+02	 1.267588e+01	 9.037670e+00
 1.114445e+02	 1.260362e+01	 8.988618e+00
 1.145048e+02	 1.252732e+01	 8.936582e+00
 1.176490e+02	 1.244714e+01	 8.881680e+00
 1.208796e+02	 1.236322e+01	 8.824025e+00
 1.241989e+02	 1.227574e+01	 8.763734e+00
 1.276093e+02	 1.218486e+01	 8.701955e+00
 1.311134e+02	 1.209072e+01	 8.638471e+00
 1.347137e+02	 1.199350e+01	 8.572766e+00
 1.384129e+02	 1.189333e+01	 8.504936e+00
 1.422136e+02	 1.179039e+01	 8.435081e+00
 1.461187e+02	 1.168482e+01	 8.363299e+00
 1.501311e+02	 1.157676e+01	 8.289689e+00
 1.542536e+02	 1.146638e+01	 8.214348e+00
 1.584893e+02	 1.135381e+01	 8.137375e+00
 1.628414e+02	 1.123920e+01	 8.058864e+00
 1.673129e+02	 1.112268e+01	 7.978912e+00
 1.719072e+02	 1.100441e+01	 7.897613e+00
 1.766277e+02	 1.088451e+01	 7.815060e+00
 1.814778e+02	 1.076325e+01	 7.731345e+00
 1.864611e+02	 1.064179e+01	 7.646557e+00
 1.915812e+02	 1.051916e+01	 7.560785e+00
 1.968419e+02	 1.039549e+01	 7.474116e+00
 2.022471e+02	 1.027087e+01	 7.386635e+00
 2.078007e+02	 1.014544e+01	 7.298425e+00
 2.135068e+02	 1.001928e+01	 7.209568e+00
 2.193696e+02	 9.892504e+00	 7.120142e+00
 2.253934e+02	 9.765215e+00	 7.030225e+00
 2.315826e+02	 9.637509e+00	 6.939892e+00
 2.379417e+02	 9.509482e+00	 6.849216e+00
 2.444755e+02	 9.381243e+00	 6.758267e+00
 2.511886e+02	 9.253118e+00	 6.667114e+00
 2.580862e+02	 9.124956e+00	 6.575825e+00
 2.651731e+02	 8.996840e+00	 6.484462e+00
 2.724546e+02	 8.868848e+00	 6.393088e+00
 2.799360e+02	 8.741056e+00	 6.301763e+00
 2.876229e+02	 8.613538e+00	 6.210544e+00
 2.955209e+02	 8.486363e+00	 6.119487e+00
 3.036358e+02	 8.359601e+00	 6.028644e+00
 3.119735e+02	 8.233315e+00	 5.938067e+00
 3.205401e+02	 8.107568e+00	 5.847805e+00
 3.293420e+02	 7.982418e+00	 5.757904e+00
 3.383855e+02	 7.857923e+00	 5.668409e+00
 3.476774e+02	 7.734136e+00	 5.579363e+00
 3.572245e+02	 7.611108e+00	 5.490805e+00
 3.670336e+02	 7.488887e+00	 5.402775e+00
 3.771122e+02	 7.367521e+00	 5.315308e+00
 3.874675e+02	 7.247051e+00	 5.228440e+00
 3.981072e+02	 7.127519e+00	 5.142202e+00
 4.090390e+02	 7.008963e+00	 5.056627e+00
 4.202710e+02	 6.891419e+00	 4.971742e+00
 4.318114e+02	 6.774922e+00	 4.887575e+00
 4.436687e+02	 6.659503e+00	 4.804151e+00
 4.558516e+02	 6.545190e+00	 4.721495e+00
 4.683691e+02	 6.432012e+00	 4.639627e+00
 4.812303e+02	 6.319994e+00	 4.558570e+00
 4.944446e+02	 6.209157e+00	 4.478342e+00
 5.080218e+02	 6.099525e+00	 4.398960e+00
 5.219718e+02	 5.991115e+00	 4.320441e+00
 5.363049e+02	 5.883946e+00	 4.242800e+00
 5.510316e+02	 5.778033e+00	 4.166049e+00
 5.661626e+02	 5.673391e+00	 4.090201e+00
 5.817091e+02	 5.570031e+00	 4.015266e+00
 5.976826e+02	 5.467965e+00	 3.941255e+00
 6.140946e+02	 5.367201e+00	 3.868175e+00
 6.309573e+02	 5.267749e+00	 3.796035e+00
 6.482831e+02	 5.169613e+00	 3.724839e+00
 6.660846e+02	 5.072800e+00	 3.654594e+00
 6.843750e+02	 4.977314e+00	 3.585304e+00
 7.031676e+02	 4.883156e+00	 3.516971e+00
 7.224762e+02	 4.790329e+00	 3.449599e+00
 7.423150e+02	 4.698834e+00	 3.383188e+00
 7.626986e+02	 4.608668e+00	 3.317740e+00
 7.836419e+02	 4.519832e+00	 3.253254e+00
 8.051603e+02	 4.432322e+00	 3.189729e+00
 8.272696e+02	 4.346135e+00	 3.127165e+00
 8.499860e+02	 4.261267e+00	 3.065558e+00
 8.733262e+02	 4.177712e+00	 3.004906e+00
 8.973072e+02	 4.095465e+00	 2.945205e+00
 9.219468e+02	 4.014519e+00	 2.886451e+00
 9.472630e+02	 3.934867e+00	 2.828640e+00
 9.732744e+02	 3.856501e+00	 2.771766e+00
 1.000000e+03	 3.779413e+00	 2.715824e+00
 1.027459e+03	 3.703593e+00	 2.660808e+00
 1.055673e+03	 3.629032e+00	 2.606711e+00
 1.084661e+03	 3.555720e+00	 2.553526e+00
 1.114445e+03	 3.483647e+00	 2.501247e+00
 1.145048e+03	 3.412801e+00	 2.449865e+00
 1.176490e+03	 3.343172e+00	 2.399373e+00
 1.208796e+03	 3.274748e+00	 2.349762e+00
 1.241989e+03	 3.207516e+00	 2.301024e+00
 1.276093e+03	 3.141465e+00	 2.253150e+00
 1.311134e+03	 3.076582e+00	 2.206132e+00
 1.347137e+03	 3.012854e+00	 2.159959e+00
 1.384129e+03	 2.950268e+00	 2.114623e+00
 1.422136e+03	 2.888811e+00	 2.070114e+00
 1.461187e+03	 2.828469e+00	 2.026422e+00
 1.501311e+03	 2.769230e+00	 1.983538e+00
 1.542536e+03	 2.711079e+00	 1.941451e+00
 1.584893e+03	 2.654002e+00	 1.900152e+00
 1.628414e+03	 2.597986e+00	 1.859629e+00
 1.673129e+03	 2.543016e+00	 1.819874e+00
 1.719072e+03	 2.489079e+00	 1.780875e+00
 1.766277e+03	 2.436161e+00	 1.742622e+00
 1.814778e+03	 2.384246e+00	 1.705105e+00
 1.864611e+03	 2.333321e+00	 1.668313e+00
 1.915812e+03	 2.283372e+00	 1.632236e+00
 1.968419e+03	 2.234385e+00	 1.596863e+00
 2.022471e+03	 2.186345e+00	 1.562184e+00
 2.078007e+03	 2.139238e+00	 1.528187e+00
 2.135068e+03	 2.093050e+00	 1.494864e+00
 2.193696e+03	 2.047767e+00	 1.462203e+00
 2.253934e+03	 2.003375e+00	 1.430193e+00
 2.315826e+03	 1.959859e+00	 1.398825e+00
 2.379417e+03	 1.917207e+00	 1.368088e+00
 2.444755e+03	 1.875404e+00	 1.337972e+00
 2.511886e+03	 1.834436e+00	 1.308466e+00
 2.580862e+03	 1.794293e+00	 1.279560e+00
 2.651731e+03	 1.754959e+00	 1.251245e+00
 2.724546e+03	 1.716419e+00	 1.223510e+00
 2.799360e+03	 1.678660e+00	 1.196345e+00
 2.876229e+03	 1.641669e+00	 1.169741e+00
 2.955209e+03	 1.605434e+00	 1.143687e+00
 3.036358e+03	 1.569940e+00	 1.118174e+00
 3.119735e+03	 1.535175e+00	 1.093193e+00
 3.205401e+03	 1.501126e+00	 1.068733e+00
 3.293420e+03	 1.467781e+00	 1.044786e+00
 3.383855e+03	 1.435127e+00	 1.021342e+00
 3.476774e+03	 1.403152e+00	 9.983922e-01
 3.572245e+03	 1.371843e+00	 9.759271e-01
 3.670336e+03	 1.341189e+00	 9.539379e-01
 3.771122e+03	 1.311177e+00	 9.324157e-01
 3.874675e+03	 1.281795e+00	 9.113518e-01
 3.981072e+03	 1.253033e+00	 8.907375e-01
 4.090390e+03	 1.224878e+00	 8.705644e-01
 4.202710e+03	 1.197319e+00	 8.508239e-01
 4.318114e+03	 1.170345e+00	 8.315079e-01
 4.436687e+03	 1.143945e+00	 8.126081e-01
 4.558516e+03	 1.118108e+00	 7.941165e-01
 4.683691e+03	 1.092823e+00	 7.760251e-01
 4.812303e+03	 1.068080e+00	 7.583261e-01
 4.944446e+03	 1.043868e+00	 7.410117e-01
 5.080218e+03	 1.020177e+00	 7.240745e-01
 5.219718e+03	 9.969971e-01	 7.075068e-01
 5.363049e+03	 9.743179e-01	 6.913014e-01
 5.510316e+03	 9.521297e-01	 6.754510e-01
 5.661626e+03	 9.304229e-01	 6.599484e-01
 5.817091e+03	 9.091880e-01	 6.447867e-01
 5.976826e+03	 8.884155e-01	 6.299589e-01
 6.140946e+03	 8.680964e-01	 6.154583e-01
 6.309573e+03	 8.482214e-01	 6.012782e-01
 6.482831e+03	 8.287817e-01	 5.874120e-01
 6.660846e+03	 8.097686e-01	 5.738533e-01
 6.843750e+03	 7.911733e-01	 5.605957e-01
 7.031676e+03	 7.729874e-01	 5.476331e-01
 7.224762e+03	 7.552026e-01	 5.349593e-01
 7.423150e+03	 7.378106e-01	 5.225683e-01
 7.626986e+03	 7.208035e-01	 5.104541e-01
 7.836419e+03	 7.041733e-01	 4.986111e-01
 8.051603e+03	 6.879122e-01	 4.870335e-01
 8.272696e+03	 6.720126e-01	 4.757157e-01
 8.499860e+03	 6.564670e-01	 4.646523e-01
 8.733262e+03	 6.412680e-01	 4.538379e-01
 8.973072e+03	 6.264084e-01	 4.432671e-01
 9.219468e+03	 6.118810e-01	 4.329348e-01
 9.472630e+03	 5.976790e-01	 4.228359e-01
 9.732744e+03	 5.837955e-01	 4.129654e-01
 1.000000e+04	 5.702236e-01	 4.033185e-01
