 1.000000e+01	 0.000000e+00
 1.027459e+01	 0.000000e+00
 1.055673e+01	 0.000000e+00
 1.084661e+01	 0.000000e+00
 1.114445e+01	 0.000000e+00
 1.145048e+01	 0.000000e+00
 1.176490e+01	 0.000000e+00
 1.208796e+01	 9.134592e-02
 1.241989e+01	 2.846783e-01
 1.276093e+01	 4.884617e-01
 1.311134e+01	 7.013033e-01
 1.347137e+01	 9.219156e-01
 1.384129e+01	 1.164131e+00
 1.422136e+01	 1.455158e+00
 1.461187e+01	 1.811108e+00
 1.501311e+01	 2.267839e+00
 1.542536e+01	 2.737915e+00
 1.584893e+01	 3.219043e+00
 1.628414e+01	 3.709110e+00
 1.673129e+01	 4.206163e+00
 1.719072e+01	 4.708402e+00
 1.766277e+01	 5.214166e+00
 1.814778e+01	 5.721923e+00
 1.864611e+01	 6.230264e+00
 1.915812e+01	 6.763600e+00
 1.968419e+01	 7.317756e+00
 2.022471e+01	 7.871348e+00
 2.078007e+01	 8.423006e+00
 2.135068e+01	 8.971472e+00
 2.193696e+01	 9.515589e+00
 2.253934e+01	 1.005430e+01
 2.315826e+01	 1.058662e+01
 2.379417e+01	 1.111167e+01
 2.444755e+01	 1.162864e+01
 2.511886e+01	 1.214734e+01
 2.580862e+01	 1.267385e+01
 2.651731e+01	 1.319169e+01
 2.724546e+01	 1.370010e+01
 2.799360e+01	 1.419836e+01
 2.876229e+01	 1.468584e+01
 2.955209e+01	 1.516198e+01
 3.036358e+01	 1.563919e+01
 3.119735e+01	 1.611185e+01
 3.205401e+01	 1.657277e+01
 3.293420e+01	 1.702143e+01
 3.383855e+01	 1.745802e+01
 3.476774e+01	 1.789600e+01
 3.572245e+01	 1.832130e+01
 3.670336e+01	 1.873350e+01
 3.771122e+01	 1.913220e+01
 3.874675e+01	 1.951706e+01
 3.981072e+01	 1.988778e+01
 4.090390e+01	 2.024412e+01
 4.202710e+01	 2.058586e+01
 4.318114e+01	 2.091283e+01
 4.436687e+01	 2.122489e+01
 4.558516e+01	 2.152193e+01
 4.683691e+01	 2.180389e+01
 4.812303e+01	 2.207072e+01
 4.944446e+01	 2.232241e+01
 5.080218e+01	 2.255896e+01
 5.219718e+01	 2.278042e+01
 5.363049e+01	 2.298684e+01
 5.510316e+01	 2.317831e+01
 5.661626e+01	 2.335492e+01
 5.817091e+01	 2.351679e+01
 5.976826e+01	 2.366408e+01
 6.140946e+01	 2.379693e+01
 6.309573e+01	 2.391551e+01
 6.482831e+01	 2.402002e+01
 6.660846e+01	 2.411065e+01
 6.843750e+01	 2.418762e+01
 7.031676e+01	 2.425116e+01
 7.224762e+01	 2.430151e+01
 7.423150e+01	 2.433891e+01
 7.626986e+01	 2.436362e+01
 7.836419e+01	 2.437591e+01
 8.051603e+01	 2.437605e+01
 8.272696e+01	 2.436433e+01
 8.499860e+01	 2.434104e+01
 8.733262e+01	 2.430646e+01
 8.973072e+01	 2.426091e+01
 9.219468e+01	 2.420468e+01
 9.472630e+01	 2.413809e+01
 9.732744e+01	 2.406144e+01
 1.000000e+02	 2.397505e+01
 1.027459e+02	 2.387923e+01
 1.055673e+02	 2.377431e+01
 1.084661e+02	 2.366061e+01
 1.114445e+02	 2.353843e+01
 1.145048e+02	 2.340811e+01
 1.176490e+02	 2.326996e+01
 1.208796e+02	 2.312430e+01
 1.241989e+02	 2.297145e+01
 1.276093e+02	 2.281172e+01
 1.311134e+02	 2.264542e+01
 1.347137e+02	 2.247286e+01
 1.384129e+02	 2.229436e+01
 1.422136e+02	 2.211020e+01
 1.461187e+02	 2.192070e+01
 1.501311e+02	 2.172615e+01
 1.542536e+02	 2.152684e+01
 1.584893e+02	 2.132306e+01
 1.628414e+02	 2.111509e+01
 1.673129e+02	 2.090320e+01
 1.719072e+02	 2.068767e+01
 1.766277e+02	 2.046877e+01
 1.814778e+02	 2.024675e+01
 1.864611e+02	 2.002187e+01
 1.915812e+02	 1.979438e+01
 1.968419e+02	 1.956452e+01
 2.022471e+02	 1.933253e+01
 2.078007e+02	 1.909864e+01
 2.135068e+02	 1.886307e+01
 2.193696e+02	 1.862604e+01
 2.253934e+02	 1.838777e+01
 2.315826e+02	 1.814845e+01
 2.379417e+02	 1.790828e+01
 2.444755e+02	 1.766746e+01
 2.511886e+02	 1.742618e+01
 2.580862e+02	 1.718460e+01
 2.651731e+02	 1.694291e+01
 2.724546e+02	 1.670126e+01
 2.799360e+02	 1.645983e+01
 2.876229e+02	 1.621875e+01
 2.955209e+02	 1.597818e+01
 3.036358e+02	 1.573827e+01
 3.119735e+02	 1.549944e+01
 3.205401e+02	 1.526183e+01
 3.293420e+02	 1.502530e+01
 3.383855e+02	 1.478994e+01
 3.476774e+02	 1.455586e+01
 3.572245e+02	 1.432318e+01
 3.670336e+02	 1.409197e+01
 3.771122e+02	 1.386234e+01
 3.874675e+02	 1.363436e+01
 3.981072e+02	 1.340813e+01
 4.090390e+02	 1.318372e+01
 4.202710e+02	 1.296119e+01
 4.318114e+02	 1.274069e+01
 4.436687e+02	 1.252225e+01
 4.558516e+02	 1.230590e+01
 4.683691e+02	 1.209168e+01
 4.812303e+02	 1.187965e+01
 4.944446e+02	 1.166986e+01
 5.080218e+02	 1.146234e+01
 5.219718e+02	 1.125714e+01
 5.363049e+02	 1.105429e+01
 5.510316e+02	 1.085382e+01
 5.661626e+02	 1.065575e+01
 5.817091e+02	 1.046012e+01
 5.976826e+02	 1.026695e+01
 6.140946e+02	 1.007625e+01
 6.309573e+02	 9.888048e+00
 6.482831e+02	 9.702348e+00
 6.660846e+02	 9.519164e+00
 6.843750e+02	 9.338505e+00
 7.031676e+02	 9.160377e+00
 7.224762e+02	 8.984784e+00
 7.423150e+02	 8.811727e+00
 7.626986e+02	 8.641207e+00
 7.836419e+02	 8.473220e+00
 8.051603e+02	 8.307762e+00
 8.272696e+02	 8.144828e+00
 8.499860e+02	 7.984410e+00
 8.733262e+02	 7.826498e+00
 8.973072e+02	 7.671082e+00
 9.219468e+02	 7.518149e+00
 9.472630e+02	 7.367687e+00
 9.732744e+02	 7.219679e+00
 1.000000e+03	 7.074111e+00
 1.027459e+03	 6.930965e+00
 1.055673e+03	 6.790222e+00
 1.084661e+03	 6.651864e+00
 1.114445e+03	 6.515871e+00
 1.145048e+03	 6.382221e+00
 1.176490e+03	 6.250894e+00
 1.208796e+03	 6.121866e+00
 1.241989e+03	 5.995115e+00
 1.276093e+03	 5.870618e+00
 1.311134e+03	 5.748349e+00
 1.347137e+03	 5.628284e+00
 1.384129e+03	 5.510398e+00
 1.422136e+03	 5.394665e+00
 1.461187e+03	 5.281060e+00
 1.501311e+03	 5.169556e+00
 1.542536e+03	 5.060127e+00
 1.584893e+03	 4.952746e+00
 1.628414e+03	 4.847385e+00
 1.673129e+03	 4.744018e+00
 1.719072e+03	 4.642618e+00
 1.766277e+03	 4.543157e+00
 1.814778e+03	 4.445607e+00
 1.864611e+03	 4.349941e+00
 1.915812e+03	 4.256131e+00
 1.968419e+03	 4.164150e+00
 2.022471e+03	 4.073971e+00
 2.078007e+03	 3.985565e+00
 2.135068e+03	 3.898905e+00
 2.193696e+03	 3.813964e+00
 2.253934e+03	 3.730715e+00
 2.315826e+03	 3.649130e+00
 2.379417e+03	 3.569183e+00
 2.444755e+03	 3.490847e+00
 2.511886e+03	 3.414094e+00
 2.580862e+03	 3.338900e+00
 2.651731e+03	 3.265236e+00
 2.724546e+03	 3.193078e+00
 2.799360e+03	 3.122399e+00
 2.876229e+03	 3.053174e+00
 2.955209e+03	 2.985377e+00
 3.036358e+03	 2.918984e+00
 3.119735e+03	 2.853968e+00
 3.205401e+03	 2.790307e+00
 3.293420e+03	 2.727974e+00
 3.383855e+03	 2.666947e+00
 3.476774e+03	 2.607202e+00
 3.572245e+03	 2.548714e+00
 3.670336e+03	 2.491461e+00
 3.771122e+03	 2.435419e+00
 3.874675e+03	 2.380567e+00
 3.981072e+03	 2.326881e+00
 4.090390e+03	 2.274340e+00
 4.202710e+03	 2.222922e+00
 4.318114e+03	 2.172605e+00
 4.436687e+03	 2.123368e+00
 4.558516e+03	 2.075191e+00
 4.683691e+03	 2.028052e+00
 4.812303e+03	 1.981932e+00
 4.944446e+03	 1.936810e+00
 5.080218e+03	 1.892668e+00
 5.219718e+03	 1.849485e+00
 5.363049e+03	 1.807242e+00
 5.510316e+03	 1.765922e+00
 5.661626e+03	 1.725505e+00
 5.817091e+03	 1.685973e+00
 5.976826e+03	 1.647308e+00
 6.140946e+03	 1.609494e+00
 6.309573e+03	 1.572512e+00
 6.482831e+03	 1.536346e+00
 6.660846e+03	 1.500978e+00
 6.843750e+03	 1.466394e+00
 7.031676e+03	 1.432575e+00
 7.224762e+03	 1.399508e+00
 7.423150e+03	 1.367176e+00
 7.626986e+03	 1.335563e+00
 7.836419e+03	 1.304656e+00
 8.051603e+03	 1.274438e+00
 8.272696e+03	 1.244897e+00
 8.499860e+03	 1.216017e+00
 8.733262e+03	 1.187784e+00
 8.973072e+03	 1.160186e+00
 9.219468e+03	 1.133208e+00
 9.472630e+03	 1.106837e+00
 9.732744e+03	 1.081061e+00
 1.000000e+04	 1.055866e+00
