 1.000000e+01	 0.000000e+00
 1.027459e+01	 0.000000e+00
 1.055673e+01	 0.000000e+00
 1.084661e+01	 0.000000e+00
 1.114445e+01	 0.000000e+00
 1.145048e+01	 2.139786e-02
 1.176490e+01	 2.266645e-01
 1.208796e+01	 4.439161e-01
 1.241989e+01	 6.926129e-01
 1.276093e+01	 1.010949e+00
 1.311134e+01	 1.341635e+00
 1.347137e+01	 1.682842e+00
 1.384129e+01	 2.032877e+00
 1.422136e+01	 2.390179e+00
 1.461187e+01	 2.753304e+00
 1.501311e+01	 3.120918e+00
 1.542536e+01	 3.491792e+00
 1.584893e+01	 3.968434e+00
 1.628414e+01	 4.472509e+00
 1.673129e+01	 4.983088e+00
 1.719072e+01	 5.498372e+00
 1.766277e+01	 6.016701e+00
 1.814778e+01	 6.536544e+00
 1.864611e+01	 7.082491e+00
 1.915812e+01	 7.652303e+00
 1.968419e+01	 8.222312e+00
 2.022471e+01	 8.791038e+00
 2.078007e+01	 9.357121e+00
 2.135068e+01	 9.919307e+00
 2.193696e+01	 1.047645e+01
 2.253934e+01	 1.102749e+01
 2.315826e+01	 1.157147e+01
 2.379417e+01	 1.210750e+01
 2.444755e+01	 1.263477e+01
 2.511886e+01	 1.315254e+01
 2.580862e+01	 1.366052e+01
 2.651731e+01	 1.418168e+01
 2.724546e+01	 1.469290e+01
 2.799360e+01	 1.519349e+01
 2.876229e+01	 1.568281e+01
 2.955209e+01	 1.616412e+01
 3.036358e+01	 1.664950e+01
 3.119735e+01	 1.712317e+01
 3.205401e+01	 1.758457e+01
 3.293420e+01	 1.803319e+01
 3.383855e+01	 1.846857e+01
 3.476774e+01	 1.889032e+01
 3.572245e+01	 1.929808e+01
 3.670336e+01	 1.970094e+01
 3.771122e+01	 2.009412e+01
 3.874675e+01	 2.047320e+01
 3.981072e+01	 2.083789e+01
 4.090390e+01	 2.118794e+01
 4.202710e+01	 2.152315e+01
 4.318114e+01	 2.184334e+01
 4.436687e+01	 2.214838e+01
 4.558516e+01	 2.243818e+01
 4.683691e+01	 2.271265e+01
 4.812303e+01	 2.297178e+01
 4.944446e+01	 2.321555e+01
 5.080218e+01	 2.344398e+01
 5.219718e+01	 2.365710e+01
 5.363049e+01	 2.385500e+01
 5.510316e+01	 2.403776e+01
 5.661626e+01	 2.420548e+01
 5.817091e+01	 2.435830e+01
 5.976826e+01	 2.449637e+01
 6.140946e+01	 2.461985e+01
 6.309573e+01	 2.472892e+01
 6.482831e+01	 2.482379e+01
 6.660846e+01	 2.490466e+01
 6.843750e+01	 2.497175e+01
 7.031676e+01	 2.502530e+01
 7.224762e+01	 2.506557e+01
 7.423150e+01	 2.509280e+01
 7.626986e+01	 2.510727e+01
 7.836419e+01	 2.510925e+01
 8.051603e+01	 2.509902e+01
 8.272696e+01	 2.507688e+01
 8.499860e+01	 2.504313e+01
 8.733262e+01	 2.499807e+01
 8.973072e+01	 2.494201e+01
 9.219468e+01	 2.487525e+01
 9.472630e+01	 2.479813e+01
 9.732744e+01	 2.471095e+01
 1.000000e+02	 2.461405e+01
 1.027459e+02	 2.450774e+01
 1.055673e+02	 2.439235e+01
 1.084661e+02	 2.426821e+01
 1.114445e+02	 2.413564e+01
 1.145048e+02	 2.399497e+01
 1.176490e+02	 2.384652e+01
 1.208796e+02	 2.369063e+01
 1.241989e+02	 2.352760e+01
 1.276093e+02	 2.335777e+01
 1.311134e+02	 2.318145e+01
 1.347137e+02	 2.299895e+01
 1.384129e+02	 2.281059e+01
 1.422136e+02	 2.261667e+01
 1.461187e+02	 2.241751e+01
 1.501311e+02	 2.221338e+01
 1.542536e+02	 2.200461e+01
 1.584893e+02	 2.179146e+01
 1.628414e+02	 2.157424e+01
 1.673129e+02	 2.135321e+01
 1.719072e+02	 2.112865e+01
 1.766277e+02	 2.090084e+01
 1.814778e+02	 2.067003e+01
 1.864611e+02	 2.043648e+01
 1.915812e+02	 2.020044e+01
 1.968419e+02	 1.996216e+01
 2.022471e+02	 1.972187e+01
 2.078007e+02	 1.947980e+01
 2.135068e+02	 1.923619e+01
 2.193696e+02	 1.899124e+01
 2.253934e+02	 1.874517e+01
 2.315826e+02	 1.849819e+01
 2.379417e+02	 1.825049e+01
 2.444755e+02	 1.800227e+01
 2.511886e+02	 1.775371e+01
 2.580862e+02	 1.750498e+01
 2.651731e+02	 1.725627e+01
 2.724546e+02	 1.700773e+01
 2.799360e+02	 1.675953e+01
 2.876229e+02	 1.651181e+01
 2.955209e+02	 1.626473e+01
 3.036358e+02	 1.601842e+01
 3.119735e+02	 1.577332e+01
 3.205401e+02	 1.552957e+01
 3.293420e+02	 1.528701e+01
 3.383855e+02	 1.504574e+01
 3.476774e+02	 1.480588e+01
 3.572245e+02	 1.456752e+01
 3.670336e+02	 1.433075e+01
 3.771122e+02	 1.409568e+01
 3.874675e+02	 1.386237e+01
 3.981072e+02	 1.363092e+01
 4.090390e+02	 1.340139e+01
 4.202710e+02	 1.317386e+01
 4.318114e+02	 1.294845e+01
 4.436687e+02	 1.272522e+01
 4.558516e+02	 1.250417e+01
 4.683691e+02	 1.228537e+01
 4.812303e+02	 1.206885e+01
 4.944446e+02	 1.185466e+01
 5.080218e+02	 1.164285e+01
 5.219718e+02	 1.143344e+01
 5.363049e+02	 1.122648e+01
 5.510316e+02	 1.102198e+01
 5.661626e+02	 1.081999e+01
 5.817091e+02	 1.062052e+01
 5.976826e+02	 1.042359e+01
 6.140946e+02	 1.022922e+01
 6.309573e+02	 1.003742e+01
 6.482831e+02	 9.848211e+00
 6.660846e+02	 9.661597e+00
 6.843750e+02	 9.477585e+00
 7.031676e+02	 9.296181e+00
 7.224762e+02	 9.117386e+00
 7.423150e+02	 8.941201e+00
 7.626986e+02	 8.767623e+00
 7.836419e+02	 8.596649e+00
 8.051603e+02	 8.428274e+00
 8.272696e+02	 8.262489e+00
 8.499860e+02	 8.099286e+00
 8.733262e+02	 7.938653e+00
 8.973072e+02	 7.780579e+00
 9.219468e+02	 7.625050e+00
 9.472630e+02	 7.472052e+00
 9.732744e+02	 7.321567e+00
 1.000000e+03	 7.173580e+00
 1.027459e+03	 7.028070e+00
 1.055673e+03	 6.885020e+00
 1.084661e+03	 6.744408e+00
 1.114445e+03	 6.606213e+00
 1.145048e+03	 6.470414e+00
 1.176490e+03	 6.336987e+00
 1.208796e+03	 6.205909e+00
 1.241989e+03	 6.077156e+00
 1.276093e+03	 5.950703e+00
 1.311134e+03	 5.826525e+00
 1.347137e+03	 5.704596e+00
 1.384129e+03	 5.584890e+00
 1.422136e+03	 5.467380e+00
 1.461187e+03	 5.352039e+00
 1.501311e+03	 5.238840e+00
 1.542536e+03	 5.127756e+00
 1.584893e+03	 5.018760e+00
 1.628414e+03	 4.911822e+00
 1.673129e+03	 4.806915e+00
 1.719072e+03	 4.704011e+00
 1.766277e+03	 4.603081e+00
 1.814778e+03	 4.504098e+00
 1.864611e+03	 4.407032e+00
 1.915812e+03	 4.311856e+00
 1.968419e+03	 4.218541e+00
 2.022471e+03	 4.127059e+00
 2.078007e+03	 4.037382e+00
 2.135068e+03	 3.949481e+00
 2.193696e+03	 3.863328e+00
 2.253934e+03	 3.778896e+00
 2.315826e+03	 3.696156e+00
 2.379417e+03	 3.615082e+00
 2.444755e+03	 3.535645e+00
 2.511886e+03	 3.457818e+00
 2.580862e+03	 3.381574e+00
 2.651731e+03	 3.306886e+00
 2.724546e+03	 3.233728e+00
 2.799360e+03	 3.162073e+00
 2.876229e+03	 3.091895e+00
 2.955209e+03	 3.023169e+00
 3.036358e+03	 2.955867e+00
 3.119735e+03	 2.889966e+00
 3.205401e+03	 2.825439e+00
 3.293420e+03	 2.762262e+00
 3.383855e+03	 2.700410e+00
 3.476774e+03	 2.639860e+00
 3.572245e+03	 2.580587e+00
 3.670336e+03	 2.522567e+00
 3.771122e+03	 2.465777e+00
 3.874675e+03	 2.410194e+00
 3.981072e+03	 2.355795e+00
 4.090390e+03	 2.302557e+00
 4.202710e+03	 2.250459e+00
 4.318114e+03	 2.199479e+00
 4.436687e+03	 2.149595e+00
 4.558516e+03	 2.100785e+00
 4.683691e+03	 2.053030e+00
 4.812303e+03	 2.006307e+00
 4.944446e+03	 1.960598e+00
 5.080218e+03	 1.915882e+00
 5.219718e+03	 1.872139e+00
 5.363049e+03	 1.829350e+00
 5.510316e+03	 1.787495e+00
 5.661626e+03	 1.746557e+00
 5.817091e+03	 1.706517e+00
 5.976826e+03	 1.667357e+00
 6.140946e+03	 1.629058e+00
 6.309573e+03	 1.591603e+00
 6.482831e+03	 1.554975e+00
 6.660846e+03	 1.519158e+00
 6.843750e+03	 1.484134e+00
 7.031676e+03	 1.449887e+00
 7.224762e+03	 1.416400e+00
 7.423150e+03	 1.383659e+00
 7.626986e+03	 1.351648e+00
 7.836419e+03	 1.320351e+00
 8.051603e+03	 1.289754e+00
 8.272696e+03	 1.259842e+00
 8.499860e+03	 1.230600e+00
 8.733262e+03	 1.202014e+00
 8.973072e+03	 1.174071e+00
 9.219468e+03	 1.146756e+00
 9.472630e+03	 1.120057e+00
 9.732744e+03	 1.093960e+00
 1.000000e+04	 1.068453e+00
