 1.000000e+01	 0.000000e+00	 0.000000e+00
 1.027459e+01	 0.000000e+00	 0.000000e+00
 1.055673e+01	 0.000000e+00	 0.000000e+00
 1.084661e+01	 0.000000e+00	 0.000000e+00
 1.114445e+01	 0.000000e+00	 0.000000e+00
 1.145048e+01	 0.000000e+00	 0.000000e+00
 1.176490e+01	 0.000000e+00	 0.000000e+00
 1.208796e+01	 0.000000e+00	 0.000000e+00
 1.241989e+01	 0.000000e+00	 0.000000e+00
 1.276093e+01	 0.000000e+00	 0.000000e+00
 1.311134e+01	 0.000000e+00	 0.000000e+00
 1.347137e+01	 0.000000e+00	 0.000000e+00
 1.384129e+01	 0.000000e+00	 2.873016e-02
 1.422136e+01	 1.361867e-01	 2.034759e-01
 1.461187e+01	 3.464383e-01	 4.198143e-01
 1.501311e+01	 5.676632e-01	 6.467929e-01
 1.542536e+01	 7.983859e-01	 8.829555e-01
 1.584893e+01	 1.037242e+00	 1.126956e+00
 1.628414e+01	 1.282972e+00	 1.377550e+00
 1.673129e+01	 1.534410e+00	 1.633589e+00
 1.719072e+01	 1.790482e+00	 1.894012e+00
 1.766277e+01	 2.050193e+00	 2.157837e+00
 1.814778e+01	 2.312627e+00	 2.424163e+00
 1.864611e+01	 2.576940e+00	 2.692153e+00
 1.915812e+01	 2.842350e+00	 2.961039e+00
 1.968419e+01	 3.108140e+00	 3.230111e+00
 2.022471e+01	 3.373647e+00	 3.498717e+00
 2.078007e+01	 3.638260e+00	 3.766255e+00
 2.135068e+01	 3.901419e+00	 4.032171e+00
 2.193696e+01	 4.162607e+00	 4.295956e+00
 2.253934e+01	 4.438951e+00	 4.557141e+00
 2.315826e+01	 4.732462e+00	 4.815298e+00
 2.379417e+01	 5.024571e+00	 5.070030e+00
 2.444755e+01	 5.314626e+00	 5.320977e+00
 2.511886e+01	 5.602027e+00	 5.567808e+00
 2.580862e+01	 5.886224e+00	 5.810221e+00
 2.651731e+01	 6.166715e+00	 6.047938e+00
 2.724546e+01	 6.443037e+00	 6.280710e+00
 2.799360e+01	 6.714771e+00	 6.508306e+00
 2.876229e+01	 6.981532e+00	 6.730522e+00
 2.955209e+01	 7.242972e+00	 6.947168e+00
 3.036358e+01	 7.498772e+00	 7.158078e+00
 3.119735e+01	 7.748647e+00	 7.363100e+00
 3.205401e+01	 7.992337e+00	 7.562100e+00
 3.293420e+01	 8.229610e+00	 7.754960e+00
 3.383855e+01	 8.464956e+00	 7.941575e+00
 3.476774e+01	 8.704248e+00	 8.121856e+00
 3.572245e+01	 8.937380e+00	 8.295723e+00
 3.670336e+01	 9.164091e+00	 8.463114e+00
 3.771122e+01	 9.384147e+00	 8.623973e+00
 3.874675e+01	 9.597339e+00	 8.778258e+00
 3.981072e+01	 9.803485e+00	 8.927125e+00
 4.090390e+01	 1.000243e+01	 9.082482e+00
 4.202710e+01	 1.019402e+01	 9.231921e+00
 4.318114e+01	 1.037816e+01	 9.375322e+00
 4.436687e+01	 1.055474e+01	 9.512580e+00
 4.558516e+01	 1.072368e+01	 9.643607e+00
 4.683691e+01	 1.088493e+01	 9.768333e+00
 4.812303e+01	 1.103842e+01	 9.886703e+00
 4.944446e+01	 1.118414e+01	 9.998675e+00
 5.080218e+01	 1.132206e+01	 1.010422e+01
 5.219718e+01	 1.145218e+01	 1.020333e+01
 5.363049e+01	 1.157452e+01	 1.029600e+01
 5.510316e+01	 1.168909e+01	 1.038224e+01
 5.661626e+01	 1.179592e+01	 1.046207e+01
 5.817091e+01	 1.189506e+01	 1.053551e+01
 5.976826e+01	 1.198657e+01	 1.060262e+01
 6.140946e+01	 1.207049e+01	 1.066343e+01
 6.309573e+01	 1.214692e+01	 1.071801e+01
 6.482831e+01	 1.221593e+01	 1.076642e+01
 6.660846e+01	 1.227760e+01	 1.080873e+01
 6.843750e+01	 1.233203e+01	 1.084502e+01
 7.031676e+01	 1.237934e+01	 1.087538e+01
 7.224762e+01	 1.241961e+01	 1.089990e+01
 7.423150e+01	 1.245298e+01	 1.091868e+01
 7.626986e+01	 1.247956e+01	 1.093182e+01
 7.836419e+01	 1.249948e+01	 1.093943e+01
 8.051603e+01	 1.251287e+01	 1.094161e+01
 8.272696e+01	 1.251987e+01	 1.093850e+01
 8.499860e+01	 1.252062e+01	 1.093020e+01
 8.733262e+01	 1.251526e+01	 1.091685e+01
 8.973072e+01	 1.250394e+01	 1.089855e+01
 9.219468e+01	 1.248680e+01	 1.087546e+01
 9.472630e+01	 1.246401e+01	 1.084769e+01
 9.732744e+01	 1.243572e+01	 1.081538e+01
 1.000000e+02	 1.240208e+01	 1.077867e+01
 1.027459e+02	 1.236326e+01	 1.073769e+01
 1.055673e+02	 1.231942e+01	 1.069258e+01
 1.084661e+02	 1.227071e+01	 1.064348e+01
 1.114445e+02	 1.221731e+01	 1.059053e+01
 1.145048e+02	 1.215937e+01	 1.053387e+01
 1.176490e+02	 1.209706e+01	 1.047364e+01
 1.208796e+02	 1.203054e+01	 1.040998e+01
 1.241989e+02	 1.195997e+01	 1.034302e+01
 1.276093e+02	 1.188553e+01	 1.027292e+01
 1.311134e+02	 1.180737e+01	 1.019980e+01
 1.347137e+02	 1.172565e+01	 1.012420e+01
 1.384129e+02	 1.164054e+01	 1.004697e+01
 1.422136e+02	 1.155219e+01	 9.967197e+00
 1.461187e+02	 1.146076e+01	 9.885015e+00
 1.501311e+02	 1.136641e+01	 9.800539e+00
 1.542536e+02	 1.126929e+01	 9.713892e+00
 1.584893e+02	 1.116955e+01	 9.625193e+00
 1.628414e+02	 1.106735e+01	 9.534559e+00
 1.673129e+02	 1.096283e+01	 9.442108e+00
 1.719072e+02	 1.085614e+01	 9.347955e+00
 1.766277e+02	 1.074742e+01	 9.252215e+00
 1.814778e+02	 1.063681e+01	 9.155000e+00
 1.864611e+02	 1.052444e+01	 9.056419e+00
 1.915812e+02	 1.041046e+01	 8.956582e+00
 1.968419e+02	 1.029500e+01	 8.855594e+00
 2.022471e+02	 1.017817e+01	 8.753559e+00
 2.078007e+02	 1.006012e+01	 8.650578e+00
 2.135068e+02	 9.940952e+00	 8.546752e+00
 2.193696e+02	 9.820795e+00	 8.442177e+00
 2.253934e+02	 9.699764e+00	 8.336947e+00
 2.315826e+02	 9.577970e+00	 8.231153e+00
 2.379417e+02	 9.455524e+00	 8.124885e+00
 2.444755e+02	 9.332530e+00	 8.018229e+00
 2.511886e+02	 9.209091e+00	 7.911269e+00
 2.580862e+02	 9.085306e+00	 7.804086e+00
 2.651731e+02	 8.961272e+00	 7.696758e+00
 2.724546e+02	 8.837080e+00	 7.589362e+00
 2.799360e+02	 8.712820e+00	 7.481969e+00
 2.876229e+02	 8.588577e+00	 7.374651e+00
 2.955209e+02	 8.464435e+00	 7.267474e+00
 3.036358e+02	 8.340472e+00	 7.160504e+00
 3.119735e+02	 8.216873e+00	 7.053803e+00
 3.205401e+02	 8.093701e+00	 6.947432e+00
 3.293420e+02	 7.970937e+00	 6.841445e+00
 3.383855e+02	 7.848646e+00	 6.735900e+00
 3.476774e+02	 7.726890e+00	 6.630847e+00
 3.572245e+02	 7.605728e+00	 6.526335e+00
 3.670336e+02	 7.485216e+00	 6.422413e+00
 3.771122e+02	 7.365409e+00	 6.319125e+00
 3.874675e+02	 7.246356e+00	 6.216512e+00
 3.981072e+02	 7.128106e+00	 6.114616e+00
 4.090390e+02	 7.010704e+00	 6.013474e+00
 4.202710e+02	 6.894193e+00	 5.913122e+00
 4.318114e+02	 6.778679e+00	 5.813593e+00
 4.436687e+02	 6.664178e+00	 5.714918e+00
 4.558516e+02	 6.550687e+00	 5.617127e+00
 4.683691e+02	 6.438238e+00	 5.520248e+00
 4.812303e+02	 6.326862e+00	 5.424306e+00
 4.944446e+02	 6.216586e+00	 5.329325e+00
 5.080218e+02	 6.107436e+00	 5.235325e+00
 5.219718e+02	 5.999437e+00	 5.142329e+00
 5.363049e+02	 5.892609e+00	 5.050353e+00
 5.510316e+02	 5.786974e+00	 4.959415e+00
 5.661626e+02	 5.682548e+00	 4.869529e+00
 5.817091e+02	 5.579350e+00	 4.780711e+00
 5.976826e+02	 5.477392e+00	 4.692970e+00
 6.140946e+02	 5.376690e+00	 4.606320e+00
 6.309573e+02	 5.277253e+00	 4.520768e+00
 6.482831e+02	 5.179092e+00	 4.436324e+00
 6.660846e+02	 5.082215e+00	 4.352993e+00
 6.843750e+02	 4.986629e+00	 4.270783e+00
 7.031676e+02	 4.892341e+00	 4.189696e+00
 7.224762e+02	 4.799354e+00	 4.109737e+00
 7.423150e+02	 4.707673e+00	 4.030908e+00
 7.626986e+02	 4.617297e+00	 3.953211e+00
 7.836419e+02	 4.528230e+00	 3.876645e+00
 8.051603e+02	 4.440470e+00	 3.801211e+00
 8.272696e+02	 4.354016e+00	 3.726907e+00
 8.499860e+02	 4.268867e+00	 3.653731e+00
 8.733262e+02	 4.185018e+00	 3.581680e+00
 8.973072e+02	 4.102467e+00	 3.510750e+00
 9.219468e+02	 4.021208e+00	 3.440938e+00
 9.472630e+02	 3.941235e+00	 3.372237e+00
 9.732744e+02	 3.862543e+00	 3.304642e+00
 1.000000e+03	 3.785125e+00	 3.238147e+00
 1.027459e+03	 3.708972e+00	 3.172745e+00
 1.055673e+03	 3.634076e+00	 3.108429e+00
 1.084661e+03	 3.560430e+00	 3.045191e+00
 1.114445e+03	 3.488022e+00	 2.983023e+00
 1.145048e+03	 3.416844e+00	 2.921916e+00
 1.176490e+03	 3.346885e+00	 2.861861e+00
 1.208796e+03	 3.278134e+00	 2.802848e+00
 1.241989e+03	 3.210580e+00	 2.744869e+00
 1.276093e+03	 3.144211e+00	 2.687911e+00
 1.311134e+03	 3.079016e+00	 2.631966e+00
 1.347137e+03	 3.014982e+00	 2.577022e+00
 1.384129e+03	 2.952097e+00	 2.523069e+00
 1.422136e+03	 2.890348e+00	 2.470096e+00
 1.461187e+03	 2.829722e+00	 2.418091e+00
 1.501311e+03	 2.770205e+00	 2.367042e+00
 1.542536e+03	 2.711785e+00	 2.316938e+00
 1.584893e+03	 2.654448e+00	 2.267768e+00
 1.628414e+03	 2.598180e+00	 2.219519e+00
 1.673129e+03	 2.542967e+00	 2.172179e+00
 1.719072e+03	 2.488795e+00	 2.125736e+00
 1.766277e+03	 2.435650e+00	 2.080178e+00
 1.814778e+03	 2.383519e+00	 2.035493e+00
 1.864611e+03	 2.332386e+00	 1.991669e+00
 1.915812e+03	 2.282238e+00	 1.948692e+00
 1.968419e+03	 2.233061e+00	 1.906551e+00
 2.022471e+03	 2.184839e+00	 1.865234e+00
 2.078007e+03	 2.137560e+00	 1.824728e+00
 2.135068e+03	 2.091208e+00	 1.785020e+00
 2.193696e+03	 2.045770e+00	 1.746099e+00
 2.253934e+03	 2.001231e+00	 1.707951e+00
 2.315826e+03	 1.957577e+00	 1.670566e+00
 2.379417e+03	 1.914794e+00	 1.633930e+00
 2.444755e+03	 1.872869e+00	 1.598032e+00
 2.511886e+03	 1.831786e+00	 1.562859e+00
 2.580862e+03	 1.791533e+00	 1.528399e+00
 2.651731e+03	 1.752095e+00	 1.494641e+00
 2.724546e+03	 1.713459e+00	 1.461573e+00
 2.799360e+03	 1.675612e+00	 1.429183e+00
 2.876229e+03	 1.638539e+00	 1.397458e+00
 2.955209e+03	 1.602228e+00	 1.366389e+00
 3.036358e+03	 1.566665e+00	 1.335963e+00
 3.119735e+03	 1.531836e+00	 1.306169e+00
 3.205401e+03	 1.497731e+00	 1.276995e+00
 3.293420e+03	 1.464334e+00	 1.248431e+00
 3.383855e+03	 1.431634e+00	 1.220466e+00
 3.476774e+03	 1.399618e+00	 1.193088e+00
 3.572245e+03	 1.368274e+00	 1.166287e+00
 3.670336e+03	 1.337588e+00	 1.140052e+00
 3.771122e+03	 1.307550e+00	 1.114374e+00
 3.874675e+03	 1.278147e+00	 1.089240e+00
 3.981072e+03	 1.249368e+00	 1.064642e+00
 4.090390e+03	 1.221200e+00	 1.040569e+00
 4.202710e+03	 1.193632e+00	 1.017011e+00
 4.318114e+03	 1.166653e+00	 9.939587e-01
 4.436687e+03	 1.140251e+00	 9.714017e-01
 4.558516e+03	 1.114416e+00	 9.493308e-01
 4.683691e+03	 1.089136e+00	 9.277364e-01
 4.812303e+03	 1.064401e+00	 9.066094e-01
 4.944446e+03	 1.040200e+00	 8.859405e-01
 5.080218e+03	 1.016522e+00	 8.657208e-01
 5.219718e+03	 9.933586e-01	 8.459414e-01
 5.363049e+03	 9.706980e-01	 8.265935e-01
 5.510316e+03	 9.485308e-01	 8.076685e-01
 5.661626e+03	 9.268470e-01	 7.891580e-01
 5.817091e+03	 9.056371e-01	 7.710537e-01
 5.976826e+03	 8.848916e-01	 7.533473e-01
 6.140946e+03	 8.646011e-01	 7.360308e-01
 6.309573e+03	 8.447565e-01	 7.190962e-01
 6.482831e+03	 8.253486e-01	 7.025359e-01
 6.660846e+03	 8.063686e-01	 6.863420e-01
 6.843750e+03	 7.878078e-01	 6.705072e-01
 7.031676e+03	 7.696576e-01	 6.550239e-01
 7.224762e+03	 7.519095e-01	 6.398850e-01
 7.423150e+03	 7.345553e-01	 6.250832e-01
 7.626986e+03	 7.175867e-01	 6.106116e-01
 7.836419e+03	 7.009959e-01	 5.964633e-01
 8.051603e+03	 6.847749e-01	 5.826314e-01
 8.272696e+03	 6.689161e-01	 5.691095e-01
 8.499860e+03	 6.534118e-01	 5.558909e-01
 8.733262e+03	 6.382546e-01	 5.429692e-01
 8.973072e+03	 6.234372e-01	 5.303382e-01
 9.219468e+03	 6.089524e-01	 5.179916e-01
 9.472630e+03	 5.947932e-01	 5.059235e-01
 9.732744e+03	 5.809528e-01	 4.941280e-01
 1.000000e+04	 5.674242e-01	 4.825990e-01
