 1.000000e+01	 2.009734e-01
 1.027459e+01	 2.689731e-01
 1.055673e+01	 3.406721e-01
 1.084661e+01	 4.921256e-01
 1.114445e+01	 6.959053e-01
 1.145048e+01	 9.693953e-01
 1.176490e+01	 1.275466e+00
 1.208796e+01	 1.592189e+00
 1.241989e+01	 1.940716e+00
 1.276093e+01	 2.320671e+00
 1.311134e+01	 2.709349e+00
 1.347137e+01	 3.105154e+00
 1.384129e+01	 3.506612e+00
 1.422136e+01	 3.919283e+00
 1.461187e+01	 4.362467e+00
 1.501311e+01	 4.809481e+00
 1.542536e+01	 5.258991e+00
 1.584893e+01	 5.759943e+00
 1.628414e+01	 6.305345e+00
 1.673129e+01	 6.854761e+00
 1.719072e+01	 7.406535e+00
 1.766277e+01	 7.959142e+00
 1.814778e+01	 8.511174e+00
 1.864611e+01	 9.061811e+00
 1.915812e+01	 9.633448e+00
 1.968419e+01	 1.020230e+01
 2.022471e+01	 1.076714e+01
 2.078007e+01	 1.132688e+01
 2.135068e+01	 1.188049e+01
 2.193696e+01	 1.243682e+01
 2.253934e+01	 1.299468e+01
 2.315826e+01	 1.354479e+01
 2.379417e+01	 1.408627e+01
 2.444755e+01	 1.461835e+01
 2.511886e+01	 1.514446e+01
 2.580862e+01	 1.566870e+01
 2.651731e+01	 1.618875e+01
 2.724546e+01	 1.670344e+01
 2.799360e+01	 1.720685e+01
 2.876229e+01	 1.770701e+01
 2.955209e+01	 1.819730e+01
 3.036358e+01	 1.867681e+01
 3.119735e+01	 1.915151e+01
 3.205401e+01	 1.961330e+01
 3.293420e+01	 2.006170e+01
 3.383855e+01	 2.049627e+01
 3.476774e+01	 2.091660e+01
 3.572245e+01	 2.132236e+01
 3.670336e+01	 2.171603e+01
 3.771122e+01	 2.210522e+01
 3.874675e+01	 2.248005e+01
 3.981072e+01	 2.283996e+01
 4.090390e+01	 2.318472e+01
 4.202710e+01	 2.351413e+01
 4.318114e+01	 2.382802e+01
 4.436687e+01	 2.412626e+01
 4.558516e+01	 2.440877e+01
 4.683691e+01	 2.467547e+01
 4.812303e+01	 2.492635e+01
 4.944446e+01	 2.516140e+01
 5.080218e+01	 2.538065e+01
 5.219718e+01	 2.558414e+01
 5.363049e+01	 2.577196e+01
 5.510316e+01	 2.594420e+01
 5.661626e+01	 2.610098e+01
 5.817091e+01	 2.624245e+01
 5.976826e+01	 2.636876e+01
 6.140946e+01	 2.648008e+01
 6.309573e+01	 2.657661e+01
 6.482831e+01	 2.665856e+01
 6.660846e+01	 2.672615e+01
 6.843750e+01	 2.677961e+01
 7.031676e+01	 2.681919e+01
 7.224762e+01	 2.684516e+01
 7.423150e+01	 2.685777e+01
 7.626986e+01	 2.685732e+01
 7.836419e+01	 2.684409e+01
 8.051603e+01	 2.681838e+01
 8.272696e+01	 2.678049e+01
 8.499860e+01	 2.673074e+01
 8.733262e+01	 2.666943e+01
 8.973072e+01	 2.659689e+01
 9.219468e+01	 2.651345e+01
 9.472630e+01	 2.641944e+01
 9.732744e+01	 2.631518e+01
 1.000000e+02	 2.620102e+01
 1.027459e+02	 2.607729e+01
 1.055673e+02	 2.594433e+01
 1.084661e+02	 2.580248e+01
 1.114445e+02	 2.565208e+01
 1.145048e+02	 2.549346e+01
 1.176490e+02	 2.532696e+01
 1.208796e+02	 2.515293e+01
 1.241989e+02	 2.497169e+01
 1.276093e+02	 2.478357e+01
 1.311134e+02	 2.458892e+01
 1.347137e+02	 2.438804e+01
 1.384129e+02	 2.418127e+01
 1.422136e+02	 2.396892e+01
 1.461187e+02	 2.375131e+01
 1.501311e+02	 2.352874e+01
 1.542536e+02	 2.330153e+01
 1.584893e+02	 2.306997e+01
 1.628414e+02	 2.283436e+01
 1.673129e+02	 2.259498e+01
 1.719072e+02	 2.235213e+01
 1.766277e+02	 2.210607e+01
 1.814778e+02	 2.185708e+01
 1.864611e+02	 2.160543e+01
 1.915812e+02	 2.135137e+01
 1.968419e+02	 2.109515e+01
 2.022471e+02	 2.083702e+01
 2.078007e+02	 2.057721e+01
 2.135068e+02	 2.031597e+01
 2.193696e+02	 2.005351e+01
 2.253934e+02	 1.979005e+01
 2.315826e+02	 1.952581e+01
 2.379417e+02	 1.926098e+01
 2.444755e+02	 1.899577e+01
 2.511886e+02	 1.873036e+01
 2.580862e+02	 1.846493e+01
 2.651731e+02	 1.819967e+01
 2.724546e+02	 1.793474e+01
 2.799360e+02	 1.767031e+01
 2.876229e+02	 1.740653e+01
 2.955209e+02	 1.714355e+01
 3.036358e+02	 1.688151e+01
 3.119735e+02	 1.662085e+01
 3.205401e+02	 1.636172e+01
 3.293420e+02	 1.610396e+01
 3.383855e+02	 1.584767e+01
 3.476774e+02	 1.559297e+01
 3.572245e+02	 1.533996e+01
 3.670336e+02	 1.508873e+01
 3.771122e+02	 1.483937e+01
 3.874675e+02	 1.459198e+01
 3.981072e+02	 1.434662e+01
 4.090390e+02	 1.410339e+01
 4.202710e+02	 1.386234e+01
 4.318114e+02	 1.362360e+01
 4.436687e+02	 1.338723e+01
 4.558516e+02	 1.315324e+01
 4.683691e+02	 1.292168e+01
 4.812303e+02	 1.269260e+01
 4.944446e+02	 1.246605e+01
 5.080218e+02	 1.224205e+01
 5.219718e+02	 1.202065e+01
 5.363049e+02	 1.180189e+01
 5.510316e+02	 1.158579e+01
 5.661626e+02	 1.137237e+01
 5.817091e+02	 1.116166e+01
 5.976826e+02	 1.095368e+01
 6.140946e+02	 1.074844e+01
 6.309573e+02	 1.054596e+01
 6.482831e+02	 1.034625e+01
 6.660846e+02	 1.014932e+01
 6.843750e+02	 9.955162e+00
 7.031676e+02	 9.763792e+00
 7.224762e+02	 9.575208e+00
 7.423150e+02	 9.389408e+00
 7.626986e+02	 9.206387e+00
 7.836419e+02	 9.026141e+00
 8.051603e+02	 8.848661e+00
 8.272696e+02	 8.673939e+00
 8.499860e+02	 8.501964e+00
 8.733262e+02	 8.332722e+00
 8.973072e+02	 8.166200e+00
 9.219468e+02	 8.002382e+00
 9.472630e+02	 7.841251e+00
 9.732744e+02	 7.682789e+00
 1.000000e+03	 7.526977e+00
 1.027459e+03	 7.373794e+00
 1.055673e+03	 7.223218e+00
 1.084661e+03	 7.075228e+00
 1.114445e+03	 6.929799e+00
 1.145048e+03	 6.786909e+00
 1.176490e+03	 6.646531e+00
 1.208796e+03	 6.508640e+00
 1.241989e+03	 6.373210e+00
 1.276093e+03	 6.240214e+00
 1.311134e+03	 6.109625e+00
 1.347137e+03	 5.981414e+00
 1.384129e+03	 5.855554e+00
 1.422136e+03	 5.732016e+00
 1.461187e+03	 5.610771e+00
 1.501311e+03	 5.491789e+00
 1.542536e+03	 5.375041e+00
 1.584893e+03	 5.260498e+00
 1.628414e+03	 5.148129e+00
 1.673129e+03	 5.037904e+00
 1.719072e+03	 4.929794e+00
 1.766277e+03	 4.823767e+00
 1.814778e+03	 4.719794e+00
 1.864611e+03	 4.617845e+00
 1.915812e+03	 4.517888e+00
 1.968419e+03	 4.419894e+00
 2.022471e+03	 4.323833e+00
 2.078007e+03	 4.229675e+00
 2.135068e+03	 4.137389e+00
 2.193696e+03	 4.046945e+00
 2.253934e+03	 3.958315e+00
 2.315826e+03	 3.871468e+00
 2.379417e+03	 3.786375e+00
 2.444755e+03	 3.703007e+00
 2.511886e+03	 3.621334e+00
 2.580862e+03	 3.541329e+00
 2.651731e+03	 3.462962e+00
 2.724546e+03	 3.386206e+00
 2.799360e+03	 3.311032e+00
 2.876229e+03	 3.237412e+00
 2.955209e+03	 3.165319e+00
 3.036358e+03	 3.094726e+00
 3.119735e+03	 3.025606e+00
 3.205401e+03	 2.957932e+00
 3.293420e+03	 2.891678e+00
 3.383855e+03	 2.826818e+00
 3.476774e+03	 2.763327e+00
 3.572245e+03	 2.701178e+00
 3.670336e+03	 2.640346e+00
 3.771122e+03	 2.580808e+00
 3.874675e+03	 2.522539e+00
 3.981072e+03	 2.465514e+00
 4.090390e+03	 2.409710e+00
 4.202710e+03	 2.355103e+00
 4.318114e+03	 2.301671e+00
 4.436687e+03	 2.249390e+00
 4.558516e+03	 2.198239e+00
 4.683691e+03	 2.148194e+00
 4.812303e+03	 2.099235e+00
 4.944446e+03	 2.051340e+00
 5.080218e+03	 2.004487e+00
 5.219718e+03	 1.958657e+00
 5.363049e+03	 1.913828e+00
 5.510316e+03	 1.869982e+00
 5.661626e+03	 1.827096e+00
 5.817091e+03	 1.785154e+00
 5.976826e+03	 1.744134e+00
 6.140946e+03	 1.704019e+00
 6.309573e+03	 1.664790e+00
 6.482831e+03	 1.626430e+00
 6.660846e+03	 1.588919e+00
 6.843750e+03	 1.552240e+00
 7.031676e+03	 1.516377e+00
 7.224762e+03	 1.481312e+00
 7.423150e+03	 1.447029e+00
 7.626986e+03	 1.413512e+00
 7.836419e+03	 1.380744e+00
 8.051603e+03	 1.348710e+00
 8.272696e+03	 1.317394e+00
 8.499860e+03	 1.286781e+00
 8.733262e+03	 1.256856e+00
 8.973072e+03	 1.227605e+00
 9.219468e+03	 1.199013e+00
 9.472630e+03	 1.171066e+00
 9.732744e+03	 1.143751e+00
 1.000000e+04	 1.117054e+00
