 1.000000e+01	 0.000000e+00
 1.027459e+01	 0.000000e+00
 1.055673e+01	 0.000000e+00
 1.084661e+01	 3.051041e-02
 1.114445e+01	 1.099306e-01
 1.145048e+01	 1.940334e-01
 1.176490e+01	 2.822722e-01
 1.208796e+01	 3.741407e-01
 1.241989e+01	 4.741814e-01
 1.276093e+01	 6.324577e-01
 1.311134e+01	 7.968244e-01
 1.347137e+01	 9.664719e-01
 1.384129e+01	 1.140651e+00
 1.422136e+01	 1.318666e+00
 1.461187e+01	 1.553554e+00
 1.501311e+01	 1.798122e+00
 1.542536e+01	 2.047841e+00
 1.584893e+01	 2.301797e+00
 1.628414e+01	 2.614458e+00
 1.673129e+01	 2.976810e+00
 1.719072e+01	 3.350054e+00
 1.766277e+01	 3.805598e+00
 1.814778e+01	 4.276929e+00
 1.864611e+01	 4.756292e+00
 1.915812e+01	 5.241969e+00
 1.968419e+01	 5.732376e+00
 2.022471e+01	 6.226044e+00
 2.078007e+01	 6.721619e+00
 2.135068e+01	 7.217847e+00
 2.193696e+01	 7.713573e+00
 2.253934e+01	 8.207726e+00
 2.315826e+01	 8.729151e+00
 2.379417e+01	 9.252592e+00
 2.444755e+01	 9.773372e+00
 2.511886e+01	 1.029047e+01
 2.580862e+01	 1.080293e+01
 2.651731e+01	 1.131020e+01
 2.724546e+01	 1.183462e+01
 2.799360e+01	 1.235335e+01
 2.876229e+01	 1.286550e+01
 2.955209e+01	 1.337029e+01
 3.036358e+01	 1.386697e+01
 3.119735e+01	 1.435489e+01
 3.205401e+01	 1.483343e+01
 3.293420e+01	 1.530202e+01
 3.383855e+01	 1.576016e+01
 3.476774e+01	 1.620739e+01
 3.572245e+01	 1.664327e+01
 3.670336e+01	 1.706743e+01
 3.771122e+01	 1.747953e+01
 3.874675e+01	 1.787926e+01
 3.981072e+01	 1.828162e+01
 4.090390e+01	 1.867874e+01
 4.202710e+01	 1.906389e+01
 4.318114e+01	 1.943672e+01
 4.436687e+01	 1.979693e+01
 4.558516e+01	 2.014423e+01
 4.683691e+01	 2.047840e+01
 4.812303e+01	 2.079923e+01
 4.944446e+01	 2.110655e+01
 5.080218e+01	 2.140022e+01
 5.219718e+01	 2.168012e+01
 5.363049e+01	 2.194618e+01
 5.510316e+01	 2.219832e+01
 5.661626e+01	 2.243652e+01
 5.817091e+01	 2.266076e+01
 5.976826e+01	 2.287104e+01
 6.140946e+01	 2.306739e+01
 6.309573e+01	 2.324987e+01
 6.482831e+01	 2.341854e+01
 6.660846e+01	 2.357348e+01
 6.843750e+01	 2.371479e+01
 7.031676e+01	 2.384259e+01
 7.224762e+01	 2.395701e+01
 7.423150e+01	 2.405820e+01
 7.626986e+01	 2.414632e+01
 7.836419e+01	 2.422154e+01
 8.051603e+01	 2.428403e+01
 8.272696e+01	 2.433401e+01
 8.499860e+01	 2.437168e+01
 8.733262e+01	 2.439724e+01
 8.973072e+01	 2.441093e+01
 9.219468e+01	 2.441298e+01
 9.472630e+01	 2.440364e+01
 9.732744e+01	 2.438315e+01
 1.000000e+02	 2.435176e+01
 1.027459e+02	 2.430975e+01
 1.055673e+02	 2.425738e+01
 1.084661e+02	 2.419492e+01
 1.114445e+02	 2.412265e+01
 1.145048e+02	 2.404086e+01
 1.176490e+02	 2.394983e+01
 1.208796e+02	 2.384984e+01
 1.241989e+02	 2.374118e+01
 1.276093e+02	 2.362416e+01
 1.311134e+02	 2.349906e+01
 1.347137e+02	 2.336617e+01
 1.384129e+02	 2.322580e+01
 1.422136e+02	 2.307823e+01
 1.461187e+02	 2.292376e+01
 1.501311e+02	 2.276269e+01
 1.542536e+02	 2.259530e+01
 1.584893e+02	 2.242188e+01
 1.628414e+02	 2.224273e+01
 1.673129e+02	 2.205813e+01
 1.719072e+02	 2.186836e+01
 1.766277e+02	 2.167371e+01
 1.814778e+02	 2.147444e+01
 1.864611e+02	 2.127083e+01
 1.915812e+02	 2.106315e+01
 1.968419e+02	 2.085167e+01
 2.022471e+02	 2.063664e+01
 2.078007e+02	 2.041832e+01
 2.135068e+02	 2.019695e+01
 2.193696e+02	 1.997279e+01
 2.253934e+02	 1.974608e+01
 2.315826e+02	 1.951705e+01
 2.379417e+02	 1.928592e+01
 2.444755e+02	 1.905292e+01
 2.511886e+02	 1.881828e+01
 2.580862e+02	 1.858219e+01
 2.651731e+02	 1.834487e+01
 2.724546e+02	 1.810651e+01
 2.799360e+02	 1.786732e+01
 2.876229e+02	 1.762747e+01
 2.955209e+02	 1.738715e+01
 3.036358e+02	 1.714653e+01
 3.119735e+02	 1.690592e+01
 3.205401e+02	 1.666562e+01
 3.293420e+02	 1.642553e+01
 3.383855e+02	 1.618581e+01
 3.476774e+02	 1.594659e+01
 3.572245e+02	 1.570802e+01
 3.670336e+02	 1.547021e+01
 3.771122e+02	 1.523331e+01
 3.874675e+02	 1.499742e+01
 3.981072e+02	 1.476266e+01
 4.090390e+02	 1.452914e+01
 4.202710e+02	 1.429697e+01
 4.318114e+02	 1.406624e+01
 4.436687e+02	 1.383704e+01
 4.558516e+02	 1.360947e+01
 4.683691e+02	 1.338361e+01
 4.812303e+02	 1.315953e+01
 4.944446e+02	 1.293732e+01
 5.080218e+02	 1.271703e+01
 5.219718e+02	 1.249873e+01
 5.363049e+02	 1.228249e+01
 5.510316e+02	 1.206836e+01
 5.661626e+02	 1.185643e+01
 5.817091e+02	 1.164680e+01
 5.976826e+02	 1.143942e+01
 6.140946e+02	 1.123435e+01
 6.309573e+02	 1.103161e+01
 6.482831e+02	 1.083124e+01
 6.660846e+02	 1.063327e+01
 6.843750e+02	 1.043773e+01
 7.031676e+02	 1.024463e+01
 7.224762e+02	 1.005400e+01
 7.423150e+02	 9.865851e+00
 7.626986e+02	 9.680202e+00
 7.836419e+02	 9.497064e+00
 8.051603e+02	 9.316446e+00
 8.272696e+02	 9.138354e+00
 8.499860e+02	 8.962793e+00
 8.733262e+02	 8.789766e+00
 8.973072e+02	 8.619272e+00
 9.219468e+02	 8.451311e+00
 9.472630e+02	 8.285877e+00
 9.732744e+02	 8.122967e+00
 1.000000e+03	 7.962572e+00
 1.027459e+03	 7.804685e+00
 1.055673e+03	 7.649294e+00
 1.084661e+03	 7.496387e+00
 1.114445e+03	 7.345952e+00
 1.145048e+03	 7.197974e+00
 1.176490e+03	 7.052438e+00
 1.208796e+03	 6.909327e+00
 1.241989e+03	 6.768622e+00
 1.276093e+03	 6.630305e+00
 1.311134e+03	 6.494356e+00
 1.347137e+03	 6.360754e+00
 1.384129e+03	 6.229478e+00
 1.422136e+03	 6.100506e+00
 1.461187e+03	 5.973815e+00
 1.501311e+03	 5.849381e+00
 1.542536e+03	 5.727180e+00
 1.584893e+03	 5.607188e+00
 1.628414e+03	 5.489379e+00
 1.673129e+03	 5.373728e+00
 1.719072e+03	 5.260209e+00
 1.766277e+03	 5.148795e+00
 1.814778e+03	 5.039461e+00
 1.864611e+03	 4.932179e+00
 1.915812e+03	 4.826923e+00
 1.968419e+03	 4.723664e+00
 2.022471e+03	 4.622377e+00
 2.078007e+03	 4.523032e+00
 2.135068e+03	 4.425604e+00
 2.193696e+03	 4.330063e+00
 2.253934e+03	 4.236383e+00
 2.315826e+03	 4.144535e+00
 2.379417e+03	 4.054493e+00
 2.444755e+03	 3.966228e+00
 2.511886e+03	 3.879712e+00
 2.580862e+03	 3.794920e+00
 2.651731e+03	 3.711822e+00
 2.724546e+03	 3.630392e+00
 2.799360e+03	 3.550602e+00
 2.876229e+03	 3.472426e+00
 2.955209e+03	 3.395837e+00
 3.036358e+03	 3.320809e+00
 3.119735e+03	 3.247314e+00
 3.205401e+03	 3.175326e+00
 3.293420e+03	 3.104821e+00
 3.383855e+03	 3.035771e+00
 3.476774e+03	 2.968151e+00
 3.572245e+03	 2.901937e+00
 3.670336e+03	 2.837102e+00
 3.771122e+03	 2.773623e+00
 3.874675e+03	 2.711475e+00
 3.981072e+03	 2.650632e+00
 4.090390e+03	 2.591073e+00
 4.202710e+03	 2.532772e+00
 4.318114e+03	 2.475707e+00
 4.436687e+03	 2.419855e+00
 4.558516e+03	 2.365191e+00
 4.683691e+03	 2.311696e+00
 4.812303e+03	 2.259345e+00
 4.944446e+03	 2.208117e+00
 5.080218e+03	 2.157991e+00
 5.219718e+03	 2.108945e+00
 5.363049e+03	 2.060958e+00
 5.510316e+03	 2.014010e+00
 5.661626e+03	 1.968080e+00
 5.817091e+03	 1.923148e+00
 5.976826e+03	 1.879195e+00
 6.140946e+03	 1.836201e+00
 6.309573e+03	 1.794147e+00
 6.482831e+03	 1.753014e+00
 6.660846e+03	 1.712783e+00
 6.843750e+03	 1.673437e+00
 7.031676e+03	 1.634958e+00
 7.224762e+03	 1.597327e+00
 7.423150e+03	 1.560528e+00
 7.626986e+03	 1.524544e+00
 7.836419e+03	 1.489357e+00
 8.051603e+03	 1.454952e+00
 8.272696e+03	 1.421311e+00
 8.499860e+03	 1.388421e+00
 8.733262e+03	 1.356264e+00
 8.973072e+03	 1.324825e+00
 9.219468e+03	 1.294090e+00
 9.472630e+03	 1.264043e+00
 9.732744e+03	 1.234671e+00
 1.000000e+04	 1.205958e+00
