 1.000000e+01	 6.337088e-03	 6.738960e-02
 1.027459e+01	 1.051676e-01	 1.722922e-01
 1.055673e+01	 2.735500e-01	 2.830034e-01
 1.084661e+01	 4.827372e-01	 4.809784e-01
 1.114445e+01	 7.020862e-01	 6.985633e-01
 1.145048e+01	 9.303110e-01	 9.251224e-01
 1.176490e+01	 1.166221e+00	 1.159459e+00
 1.208796e+01	 1.408714e+00	 1.400466e+00
 1.241989e+01	 1.656771e+00	 1.647116e+00
 1.276093e+01	 1.909447e+00	 1.898463e+00
 1.311134e+01	 2.165870e+00	 2.153627e+00
 1.347137e+01	 2.425231e+00	 2.411797e+00
 1.384129e+01	 2.686783e+00	 2.672220e+00
 1.422136e+01	 2.988272e+00	 2.934202e+00
 1.461187e+01	 3.392242e+00	 3.197100e+00
 1.501311e+01	 3.804323e+00	 3.460317e+00
 1.542536e+01	 4.226298e+00	 3.723305e+00
 1.584893e+01	 4.698028e+00	 3.985553e+00
 1.628414e+01	 5.176360e+00	 4.246590e+00
 1.673129e+01	 5.659677e+00	 4.505980e+00
 1.719072e+01	 6.146488e+00	 4.763321e+00
 1.766277e+01	 6.635413e+00	 5.018239e+00
 1.814778e+01	 7.125178e+00	 5.270390e+00
 1.864611e+01	 7.614606e+00	 5.519454e+00
 1.915812e+01	 8.102610e+00	 5.765137e+00
 1.968419e+01	 8.588188e+00	 6.007166e+00
 2.022471e+01	 9.070414e+00	 6.245289e+00
 2.078007e+01	 9.548435e+00	 6.479274e+00
 2.135068e+01	 1.002146e+01	 6.776636e+00
 2.193696e+01	 1.048878e+01	 7.083042e+00
 2.253934e+01	 1.095153e+01	 7.388546e+00
 2.315826e+01	 1.143698e+01	 7.692400e+00
 2.379417e+01	 1.191666e+01	 7.993918e+00
 2.444755e+01	 1.238979e+01	 8.292465e+00
 2.511886e+01	 1.285569e+01	 8.587461e+00
 2.580862e+01	 1.331369e+01	 8.878370e+00
 2.651731e+01	 1.376322e+01	 9.187693e+00
 2.724546e+01	 1.420373e+01	 9.493392e+00
 2.799360e+01	 1.463473e+01	 9.794806e+00
 2.876229e+01	 1.505928e+01	 1.009139e+01
 2.955209e+01	 1.548980e+01	 1.038265e+01
 3.036358e+01	 1.591067e+01	 1.066814e+01
 3.119735e+01	 1.632142e+01	 1.094743e+01
 3.205401e+01	 1.672158e+01	 1.122017e+01
 3.293420e+01	 1.711077e+01	 1.148599e+01
 3.383855e+01	 1.748863e+01	 1.174461e+01
 3.476774e+01	 1.785485e+01	 1.199575e+01
 3.572245e+01	 1.822262e+01	 1.223915e+01
 3.670336e+01	 1.858016e+01	 1.247461e+01
 3.771122e+01	 1.892601e+01	 1.270193e+01
 3.874675e+01	 1.925986e+01	 1.292094e+01
 3.981072e+01	 1.958145e+01	 1.313150e+01
 4.090390e+01	 1.989056e+01	 1.333348e+01
 4.202710e+01	 2.018699e+01	 1.352678e+01
 4.318114e+01	 2.047058e+01	 1.371131e+01
 4.436687e+01	 2.074119e+01	 1.388701e+01
 4.558516e+01	 2.099871e+01	 1.405383e+01
 4.683691e+01	 2.124307e+01	 1.421174e+01
 4.812303e+01	 2.147422e+01	 1.436071e+01
 4.944446e+01	 2.169211e+01	 1.450075e+01
 5.080218e+01	 2.189674e+01	 1.463186e+01
 5.219718e+01	 2.208812e+01	 1.475407e+01
 5.363049e+01	 2.226629e+01	 1.486742e+01
 5.510316e+01	 2.243129e+01	 1.497194e+01
 5.661626e+01	 2.258318e+01	 1.506771e+01
 5.817091e+01	 2.272207e+01	 1.515478e+01
 5.976826e+01	 2.284803e+01	 1.523324e+01
 6.140946e+01	 2.296121e+01	 1.530317e+01
 6.309573e+01	 2.306171e+01	 1.536468e+01
 6.482831e+01	 2.314970e+01	 1.541787e+01
 6.660846e+01	 2.322532e+01	 1.546285e+01
 6.843750e+01	 2.328875e+01	 1.549975e+01
 7.031676e+01	 2.334016e+01	 1.552869e+01
 7.224762e+01	 2.337975e+01	 1.554980e+01
 7.423150e+01	 2.340772e+01	 1.556324e+01
 7.626986e+01	 2.342428e+01	 1.556969e+01
 7.836419e+01	 2.342965e+01	 1.557253e+01
 8.051603e+01	 2.342406e+01	 1.556834e+01
 8.272696e+01	 2.340773e+01	 1.555727e+01
 8.499860e+01	 2.338092e+01	 1.553943e+01
 8.733262e+01	 2.334387e+01	 1.551498e+01
 8.973072e+01	 2.329684e+01	 1.548405e+01
 9.219468e+01	 2.324008e+01	 1.544679e+01
 9.472630e+01	 2.317386e+01	 1.540337e+01
 9.732744e+01	 2.309844e+01	 1.535394e+01
 1.000000e+02	 2.301410e+01	 1.529866e+01
 1.027459e+02	 2.292110e+01	 1.523771e+01
 1.055673e+02	 2.281973e+01	 1.517126e+01
 1.084661e+02	 2.271026e+01	 1.509947e+01
 1.114445e+02	 2.259298e+01	 1.502252e+01
 1.145048e+02	 2.246815e+01	 1.494060e+01
 1.176490e+02	 2.233607e+01	 1.485387e+01
 1.208796e+02	 2.219701e+01	 1.476253e+01
 1.241989e+02	 2.205126e+01	 1.466674e+01
 1.276093e+02	 2.189909e+01	 1.456668e+01
 1.311134e+02	 2.174079e+01	 1.446255e+01
 1.347137e+02	 2.157663e+01	 1.435452e+01
 1.384129e+02	 2.140689e+01	 1.424276e+01
 1.422136e+02	 2.123183e+01	 1.412746e+01
 1.461187e+02	 2.105174e+01	 1.400879e+01
 1.501311e+02	 2.086688e+01	 1.388693e+01
 1.542536e+02	 2.067751e+01	 1.376205e+01
 1.584893e+02	 2.048389e+01	 1.363432e+01
 1.628414e+02	 2.028629e+01	 1.350392e+01
 1.673129e+02	 2.008496e+01	 1.337101e+01
 1.719072e+02	 1.988014e+01	 1.323575e+01
 1.766277e+02	 1.967208e+01	 1.309832e+01
 1.814778e+02	 1.946117e+01	 1.295975e+01
 1.864611e+02	 1.924865e+01	 1.281935e+01
 1.915812e+02	 1.903367e+01	 1.267728e+01
 1.968419e+02	 1.881645e+01	 1.253366e+01
 2.022471e+02	 1.859719e+01	 1.238865e+01
 2.078007e+02	 1.837612e+01	 1.224237e+01
 2.135068e+02	 1.815342e+01	 1.209497e+01
 2.193696e+02	 1.792930e+01	 1.194658e+01
 2.253934e+02	 1.770395e+01	 1.179731e+01
 2.315826e+02	 1.747755e+01	 1.164731e+01
 2.379417e+02	 1.725029e+01	 1.149668e+01
 2.444755e+02	 1.702236e+01	 1.134554e+01
 2.511886e+02	 1.679416e+01	 1.119402e+01
 2.580862e+02	 1.656563e+01	 1.104221e+01
 2.651731e+02	 1.633691e+01	 1.089024e+01
 2.724546e+02	 1.610818e+01	 1.073819e+01
 2.799360e+02	 1.587956e+01	 1.058618e+01
 2.876229e+02	 1.565120e+01	 1.043429e+01
 2.955209e+02	 1.542325e+01	 1.028263e+01
 3.036358e+02	 1.519582e+01	 1.013128e+01
 3.119735e+02	 1.496910e+01	 9.980319e+00
 3.205401e+02	 1.474331e+01	 9.829840e+00
 3.293420e+02	 1.451843e+01	 9.679918e+00
 3.383855e+02	 1.429456e+01	 9.530629e+00
 3.476774e+02	 1.407180e+01	 9.382045e+00
 3.572245e+02	 1.385026e+01	 9.234234e+00
 3.670336e+02	 1.363003e+01	 9.087262e+00
 3.771122e+02	 1.341119e+01	 8.941190e+00
 3.874675e+02	 1.319384e+01	 8.796078e+00
 3.981072e+02	 1.297806e+01	 8.652003e+00
 4.090390e+02	 1.276391e+01	 8.509166e+00
 4.202710e+02	 1.255148e+01	 8.367456e+00
 4.318114e+02	 1.234088e+01	 8.226916e+00
 4.436687e+02	 1.213218e+01	 8.087590e+00
 4.558516e+02	 1.192538e+01	 7.949517e+00
 4.683691e+02	 1.172053e+01	 7.812734e+00
 4.812303e+02	 1.151770e+01	 7.677275e+00
 4.944446e+02	 1.131692e+01	 7.543173e+00
 5.080218e+02	 1.111824e+01	 7.410457e+00
 5.219718e+02	 1.092170e+01	 7.279155e+00
 5.363049e+02	 1.072733e+01	 7.149291e+00
 5.510316e+02	 1.053517e+01	 7.020890e+00
 5.661626e+02	 1.034525e+01	 6.893970e+00
 5.817091e+02	 1.015758e+01	 6.768552e+00
 5.976826e+02	 9.972208e+00	 6.644651e+00
 6.140946e+02	 9.789139e+00	 6.522284e+00
 6.309573e+02	 9.608396e+00	 6.401462e+00
 6.482831e+02	 9.429993e+00	 6.282197e+00
 6.660846e+02	 9.253944e+00	 6.164498e+00
 6.843750e+02	 9.080259e+00	 6.048374e+00
 7.031676e+02	 8.908946e+00	 5.933831e+00
 7.224762e+02	 8.740011e+00	 5.820873e+00
 7.423150e+02	 8.573458e+00	 5.709504e+00
 7.626986e+02	 8.409289e+00	 5.599727e+00
 7.836419e+02	 8.247503e+00	 5.491540e+00
 8.051603e+02	 8.088099e+00	 5.384945e+00
 8.272696e+02	 7.931073e+00	 5.279939e+00
 8.499860e+02	 7.776420e+00	 5.176519e+00
 8.733262e+02	 7.624132e+00	 5.074681e+00
 8.973072e+02	 7.474202e+00	 4.974421e+00
 9.219468e+02	 7.326619e+00	 4.875732e+00
 9.472630e+02	 7.181373e+00	 4.778607e+00
 9.732744e+02	 7.038451e+00	 4.683039e+00
 1.000000e+03	 6.897839e+00	 4.589019e+00
 1.027459e+03	 6.759523e+00	 4.496537e+00
 1.055673e+03	 6.623486e+00	 4.405584e+00
 1.084661e+03	 6.489713e+00	 4.316148e+00
 1.114445e+03	 6.358186e+00	 4.228218e+00
 1.145048e+03	 6.228886e+00	 4.141782e+00
 1.176490e+03	 6.101794e+00	 4.056828e+00
 1.208796e+03	 5.976890e+00	 3.973343e+00
 1.241989e+03	 5.854153e+00	 3.891312e+00
 1.276093e+03	 5.733562e+00	 3.810721e+00
 1.311134e+03	 5.615095e+00	 3.731557e+00
 1.347137e+03	 5.498730e+00	 3.653805e+00
 1.384129e+03	 5.384445e+00	 3.577448e+00
 1.422136e+03	 5.272214e+00	 3.502473e+00
 1.461187e+03	 5.162016e+00	 3.428862e+00
 1.501311e+03	 5.053826e+00	 3.356600e+00
 1.542536e+03	 4.947619e+00	 3.285671e+00
 1.584893e+03	 4.843372e+00	 3.216058e+00
 1.628414e+03	 4.741059e+00	 3.147745e+00
 1.673129e+03	 4.640654e+00	 3.080714e+00
 1.719072e+03	 4.542134e+00	 3.014949e+00
 1.766277e+03	 4.445472e+00	 2.950434e+00
 1.814778e+03	 4.350644e+00	 2.887149e+00
 1.864611e+03	 4.257622e+00	 2.825080e+00
 1.915812e+03	 4.166383e+00	 2.764207e+00
 1.968419e+03	 4.076900e+00	 2.704514e+00
 2.022471e+03	 3.989147e+00	 2.645984e+00
 2.078007e+03	 3.903100e+00	 2.588600e+00
 2.135068e+03	 3.818731e+00	 2.532343e+00
 2.193696e+03	 3.736017e+00	 2.477197e+00
 2.253934e+03	 3.654930e+00	 2.423145e+00
 2.315826e+03	 3.575447e+00	 2.370169e+00
 2.379417e+03	 3.497541e+00	 2.318252e+00
 2.444755e+03	 3.421187e+00	 2.267378e+00
 2.511886e+03	 3.346361e+00	 2.217529e+00
 2.580862e+03	 3.273040e+00	 2.168688e+00
 2.651731e+03	 3.201197e+00	 2.120839e+00
 2.724546e+03	 3.130807e+00	 2.073965e+00
 2.799360e+03	 3.061846e+00	 2.028049e+00
 2.876229e+03	 2.994289e+00	 1.983076e+00
 2.955209e+03	 2.928113e+00	 1.939029e+00
 3.036358e+03	 2.863294e+00	 1.895891e+00
 3.119735e+03	 2.799808e+00	 1.853648e+00
 3.205401e+03	 2.737632e+00	 1.812282e+00
 3.293420e+03	 2.676742e+00	 1.771779e+00
 3.383855e+03	 2.617116e+00	 1.732123e+00
 3.476774e+03	 2.558732e+00	 1.693298e+00
 3.572245e+03	 2.501567e+00	 1.655290e+00
 3.670336e+03	 2.445598e+00	 1.618084e+00
 3.771122e+03	 2.390804e+00	 1.581664e+00
 3.874675e+03	 2.337163e+00	 1.546016e+00
 3.981072e+03	 2.284655e+00	 1.511126e+00
 4.090390e+03	 2.233257e+00	 1.476980e+00
 4.202710e+03	 2.182949e+00	 1.443563e+00
 4.318114e+03	 2.133711e+00	 1.410862e+00
 4.436687e+03	 2.085523e+00	 1.378862e+00
 4.558516e+03	 2.038364e+00	 1.347551e+00
 4.683691e+03	 1.992215e+00	 1.316915e+00
 4.812303e+03	 1.947056e+00	 1.286941e+00
 4.944446e+03	 1.902868e+00	 1.257616e+00
 5.080218e+03	 1.859633e+00	 1.228927e+00
 5.219718e+03	 1.817332e+00	 1.200862e+00
 5.363049e+03	 1.775946e+00	 1.173408e+00
 5.510316e+03	 1.735458e+00	 1.146554e+00
 5.661626e+03	 1.695850e+00	 1.120288e+00
 5.817091e+03	 1.657105e+00	 1.094597e+00
 5.976826e+03	 1.619205e+00	 1.069469e+00
 6.140946e+03	 1.582133e+00	 1.044895e+00
 6.309573e+03	 1.545873e+00	 1.020862e+00
 6.482831e+03	 1.510408e+00	 9.973595e-01
 6.660846e+03	 1.475723e+00	 9.743766e-01
 6.843750e+03	 1.441802e+00	 9.519026e-01
 7.031676e+03	 1.408628e+00	 9.299272e-01
 7.224762e+03	 1.376188e+00	 9.084399e-01
 7.423150e+03	 1.344465e+00	 8.874308e-01
 7.626986e+03	 1.313445e+00	 8.668899e-01
 7.836419e+03	 1.283113e+00	 8.468075e-01
 8.051603e+03	 1.253456e+00	 8.271739e-01
 8.272696e+03	 1.224459e+00	 8.079798e-01
 8.499860e+03	 1.196109e+00	 7.892160e-01
 8.733262e+03	 1.168392e+00	 7.708733e-01
 8.973072e+03	 1.141295e+00	 7.529430e-01
 9.219468e+03	 1.114804e+00	 7.354162e-01
 9.472630e+03	 1.088908e+00	 7.182844e-01
 9.732744e+03	 1.063593e+00	 7.015392e-01
 1.000000e+04	 1.038847e+00	 6.851724e-01
