 1.000000e+01	 0.000000e+00	 0.000000e+00
 1.027459e+01	 0.000000e+00	 0.000000e+00
 1.055673e+01	 2.394514e-02	 6.333383e-02
 1.084661e+01	 1.000210e-01	 1.432059e-01
 1.114445e+01	 1.806941e-01	 2.274844e-01
 1.145048e+01	 2.654412e-01	 3.156579e-01
 1.176490e+01	 3.537776e-01	 4.072530e-01
 1.208796e+01	 4.452545e-01	 5.018311e-01
 1.241989e+01	 5.394562e-01	 5.989859e-01
 1.276093e+01	 6.359978e-01	 6.983415e-01
 1.311134e+01	 7.345231e-01	 7.995497e-01
 1.347137e+01	 8.347020e-01	 9.022879e-01
 1.384129e+01	 9.362289e-01	 1.006258e+00
 1.422136e+01	 1.038821e+00	 1.111182e+00
 1.461187e+01	 1.142216e+00	 1.216806e+00
 1.501311e+01	 1.246171e+00	 1.322891e+00
 1.542536e+01	 1.350461e+00	 1.429217e+00
 1.584893e+01	 1.454879e+00	 1.535582e+00
 1.628414e+01	 1.575508e+00	 1.641795e+00
 1.673129e+01	 1.739273e+00	 1.747681e+00
 1.719072e+01	 1.938780e+00	 1.853079e+00
 1.766277e+01	 2.142681e+00	 1.957837e+00
 1.814778e+01	 2.350179e+00	 2.061815e+00
 1.864611e+01	 2.592373e+00	 2.164883e+00
 1.915812e+01	 2.845558e+00	 2.266920e+00
 1.968419e+01	 3.102369e+00	 2.367813e+00
 2.022471e+01	 3.361943e+00	 2.467460e+00
 2.078007e+01	 3.623484e+00	 2.565761e+00
 2.135068e+01	 3.886255e+00	 2.662627e+00
 2.193696e+01	 4.149573e+00	 2.757974e+00
 2.253934e+01	 4.412810e+00	 2.851724e+00
 2.315826e+01	 4.675384e+00	 2.943803e+00
 2.379417e+01	 4.936756e+00	 3.034144e+00
 2.444755e+01	 5.196429e+00	 3.122684e+00
 2.511886e+01	 5.453946e+00	 3.209365e+00
 2.580862e+01	 5.708883e+00	 3.294131e+00
 2.651731e+01	 5.960850e+00	 3.376932e+00
 2.724546e+01	 6.211786e+00	 3.462133e+00
 2.799360e+01	 6.476933e+00	 3.562204e+00
 2.876229e+01	 6.739263e+00	 3.661358e+00
 2.955209e+01	 6.998339e+00	 3.769949e+00
 3.036358e+01	 7.253760e+00	 3.887959e+00
 3.119735e+01	 7.505157e+00	 4.005564e+00
 3.205401e+01	 7.752189e+00	 4.122446e+00
 3.293420e+01	 7.994547e+00	 4.238314e+00
 3.383855e+01	 8.231947e+00	 4.352901e+00
 3.476774e+01	 8.464126e+00	 4.465958e+00
 3.572245e+01	 8.690850e+00	 4.577262e+00
 3.670336e+01	 8.911901e+00	 4.686604e+00
 3.771122e+01	 9.127084e+00	 4.797763e+00
 3.874675e+01	 9.336223e+00	 4.916166e+00
 3.981072e+01	 9.539159e+00	 5.032786e+00
 4.090390e+01	 9.735750e+00	 5.147376e+00
 4.202710e+01	 9.930631e+00	 5.259710e+00
 4.318114e+01	 1.012456e+01	 5.369582e+00
 4.436687e+01	 1.031234e+01	 5.476805e+00
 4.558516e+01	 1.049380e+01	 5.581211e+00
 4.683691e+01	 1.066880e+01	 5.682649e+00
 4.812303e+01	 1.083722e+01	 5.780981e+00
 4.944446e+01	 1.099895e+01	 5.876088e+00
 5.080218e+01	 1.115390e+01	 5.967860e+00
 5.219718e+01	 1.130198e+01	 6.056204e+00
 5.363049e+01	 1.144314e+01	 6.141036e+00
 5.510316e+01	 1.157732e+01	 6.222286e+00
 5.661626e+01	 1.170449e+01	 6.299893e+00
 5.817091e+01	 1.182462e+01	 6.373806e+00
 5.976826e+01	 1.193770e+01	 6.443983e+00
 6.140946e+01	 1.204374e+01	 6.510393e+00
 6.309573e+01	 1.214272e+01	 6.573011e+00
 6.482831e+01	 1.223468e+01	 6.631822e+00
 6.660846e+01	 1.231965e+01	 6.686816e+00
 6.843750e+01	 1.239765e+01	 6.737991e+00
 7.031676e+01	 1.246874e+01	 6.785353e+00
 7.224762e+01	 1.253297e+01	 6.828912e+00
 7.423150e+01	 1.259040e+01	 6.868684e+00
 7.626986e+01	 1.264109e+01	 6.904693e+00
 7.836419e+01	 1.268513e+01	 6.936965e+00
 8.051603e+01	 1.272260e+01	 6.965533e+00
 8.272696e+01	 1.275358e+01	 6.990433e+00
 8.499860e+01	 1.277817e+01	 7.011707e+00
 8.733262e+01	 1.279647e+01	 7.029400e+00
 8.973072e+01	 1.280859e+01	 7.043561e+00
 9.219468e+01	 1.281463e+01	 7.054243e+00
 9.472630e+01	 1.281472e+01	 7.061501e+00
 9.732744e+01	 1.280897e+01	 7.065395e+00
 1.000000e+02	 1.279750e+01	 7.065985e+00
 1.027459e+02	 1.278044e+01	 7.063338e+00
 1.055673e+02	 1.275792e+01	 7.057519e+00
 1.084661e+02	 1.273008e+01	 7.048598e+00
 1.114445e+02	 1.269705e+01	 7.036647e+00
 1.145048e+02	 1.265897e+01	 7.021738e+00
 1.176490e+02	 1.261598e+01	 7.003946e+00
 1.208796e+02	 1.256822e+01	 6.983348e+00
 1.241989e+02	 1.251585e+01	 6.960022e+00
 1.276093e+02	 1.245900e+01	 6.934047e+00
 1.311134e+02	 1.239782e+01	 6.906331e+00
 1.347137e+02	 1.233246e+01	 6.876889e+00
 1.384129e+02	 1.226307e+01	 6.845107e+00
 1.422136e+02	 1.218980e+01	 6.811056e+00
 1.461187e+02	 1.211280e+01	 6.774807e+00
 1.501311e+02	 1.203221e+01	 6.736430e+00
 1.542536e+02	 1.194819e+01	 6.696000e+00
 1.584893e+02	 1.186089e+01	 6.653590e+00
 1.628414e+02	 1.177045e+01	 6.609276e+00
 1.673129e+02	 1.167702e+01	 6.563132e+00
 1.719072e+02	 1.158075e+01	 6.515235e+00
 1.766277e+02	 1.148178e+01	 6.465659e+00
 1.814778e+02	 1.138025e+01	 6.414481e+00
 1.864611e+02	 1.127631e+01	 6.361776e+00
 1.915812e+02	 1.117010e+01	 6.307620e+00
 1.968419e+02	 1.106175e+01	 6.252087e+00
 2.022471e+02	 1.095140e+01	 6.195253e+00
 2.078007e+02	 1.083918e+01	 6.137190e+00
 2.135068e+02	 1.072523e+01	 6.077972e+00
 2.193696e+02	 1.060968e+01	 6.017670e+00
 2.253934e+02	 1.049265e+01	 5.956357e+00
 2.315826e+02	 1.037427e+01	 5.894102e+00
 2.379417e+02	 1.025465e+01	 5.830973e+00
 2.444755e+02	 1.013392e+01	 5.767040e+00
 2.511886e+02	 1.001219e+01	 5.702368e+00
 2.580862e+02	 9.889584e+00	 5.637023e+00
 2.651731e+02	 9.766199e+00	 5.571069e+00
 2.724546e+02	 9.642146e+00	 5.504567e+00
 2.799360e+02	 9.517531e+00	 5.437580e+00
 2.876229e+02	 9.392454e+00	 5.370165e+00
 2.955209e+02	 9.267013e+00	 5.302382e+00
 3.036358e+02	 9.141302e+00	 5.234286e+00
 3.119735e+02	 9.015415e+00	 5.165932e+00
 3.205401e+02	 8.889439e+00	 5.097374e+00
 3.293420e+02	 8.763459e+00	 5.028662e+00
 3.383855e+02	 8.637559e+00	 4.959846e+00
 3.476774e+02	 8.511818e+00	 4.890975e+00
 3.572245e+02	 8.386312e+00	 4.822095e+00
 3.670336e+02	 8.261114e+00	 4.753252e+00
 3.771122e+02	 8.136294e+00	 4.684487e+00
 3.874675e+02	 8.011920e+00	 4.615842e+00
 3.981072e+02	 7.888056e+00	 4.547359e+00
 4.090390e+02	 7.764763e+00	 4.479074e+00
 4.202710e+02	 7.642100e+00	 4.411024e+00
 4.318114e+02	 7.520159e+00	 4.343245e+00
 4.436687e+02	 7.399026e+00	 4.275770e+00
 4.558516e+02	 7.278687e+00	 4.208631e+00
 4.683691e+02	 7.159189e+00	 4.141859e+00
 4.812303e+02	 7.040575e+00	 4.075482e+00
 4.944446e+02	 6.922887e+00	 4.009528e+00
 5.080218e+02	 6.806165e+00	 3.944023e+00
 5.219718e+02	 6.690444e+00	 3.878991e+00
 5.363049e+02	 6.575761e+00	 3.814456e+00
 5.510316e+02	 6.462145e+00	 3.750440e+00
 5.661626e+02	 6.349645e+00	 3.686963e+00
 5.817091e+02	 6.238316e+00	 3.624044e+00
 5.976826e+02	 6.128142e+00	 3.561702e+00
 6.140946e+02	 6.019147e+00	 3.499953e+00
 6.309573e+02	 5.911352e+00	 3.438812e+00
 6.482831e+02	 5.804776e+00	 3.378295e+00
 6.660846e+02	 5.699436e+00	 3.318415e+00
 6.843750e+02	 5.595349e+00	 3.259183e+00
 7.031676e+02	 5.492529e+00	 3.200611e+00
 7.224762e+02	 5.390988e+00	 3.142709e+00
 7.423150e+02	 5.290738e+00	 3.085487e+00
 7.626986e+02	 5.191787e+00	 3.028955e+00
 7.836419e+02	 5.094144e+00	 2.973169e+00
 8.051603e+02	 4.997815e+00	 2.918086e+00
 8.272696e+02	 4.902806e+00	 2.863713e+00
 8.499860e+02	 4.809121e+00	 2.810052e+00
 8.733262e+02	 4.716761e+00	 2.757109e+00
 8.973072e+02	 4.625730e+00	 2.704885e+00
 9.219468e+02	 4.536028e+00	 2.653383e+00
 9.472630e+02	 4.447653e+00	 2.602605e+00
 9.732744e+02	 4.360605e+00	 2.552551e+00
 1.000000e+03	 4.274880e+00	 2.503223e+00
 1.027459e+03	 4.190476e+00	 2.454619e+00
 1.055673e+03	 4.107388e+00	 2.406739e+00
 1.084661e+03	 4.025610e+00	 2.359582e+00
 1.114445e+03	 3.945138e+00	 2.313146e+00
 1.145048e+03	 3.865963e+00	 2.267429e+00
 1.176490e+03	 3.788080e+00	 2.222427e+00
 1.208796e+03	 3.711479e+00	 2.178139e+00
 1.241989e+03	 3.636152e+00	 2.134560e+00
 1.276093e+03	 3.562090e+00	 2.091687e+00
 1.311134e+03	 3.489284e+00	 2.049515e+00
 1.347137e+03	 3.417722e+00	 2.008039e+00
 1.384129e+03	 3.347394e+00	 1.967256e+00
 1.422136e+03	 3.278290e+00	 1.927159e+00
 1.461187e+03	 3.210397e+00	 1.887744e+00
 1.501311e+03	 3.143704e+00	 1.849004e+00
 1.542536e+03	 3.078199e+00	 1.810934e+00
 1.584893e+03	 3.013868e+00	 1.773527e+00
 1.628414e+03	 2.950699e+00	 1.736777e+00
 1.673129e+03	 2.888679e+00	 1.700678e+00
 1.719072e+03	 2.827794e+00	 1.665222e+00
 1.766277e+03	 2.768031e+00	 1.630403e+00
 1.814778e+03	 2.709377e+00	 1.596215e+00
 1.864611e+03	 2.651817e+00	 1.562648e+00
 1.915812e+03	 2.595337e+00	 1.529697e+00
 1.968419e+03	 2.539924e+00	 1.497354e+00
 2.022471e+03	 2.485562e+00	 1.465612e+00
 2.078007e+03	 2.432238e+00	 1.434462e+00
 2.135068e+03	 2.379937e+00	 1.403897e+00
 2.193696e+03	 2.328645e+00	 1.373910e+00
 2.253934e+03	 2.278346e+00	 1.344493e+00
 2.315826e+03	 2.229028e+00	 1.315638e+00
 2.379417e+03	 2.180674e+00	 1.287336e+00
 2.444755e+03	 2.133271e+00	 1.259581e+00
 2.511886e+03	 2.086804e+00	 1.232364e+00
 2.580862e+03	 2.041258e+00	 1.205678e+00
 2.651731e+03	 1.996619e+00	 1.179514e+00
 2.724546e+03	 1.952874e+00	 1.153865e+00
 2.799360e+03	 1.910006e+00	 1.128723e+00
 2.876229e+03	 1.868002e+00	 1.104079e+00
 2.955209e+03	 1.826849e+00	 1.079927e+00
 3.036358e+03	 1.786531e+00	 1.056258e+00
 3.119735e+03	 1.747034e+00	 1.033064e+00
 3.205401e+03	 1.708346e+00	 1.010338e+00
 3.293420e+03	 1.670452e+00	 9.880724e-01
 3.383855e+03	 1.633338e+00	 9.662591e-01
 3.476774e+03	 1.596991e+00	 9.448905e-01
 3.572245e+03	 1.561397e+00	 9.239593e-01
 3.670336e+03	 1.526543e+00	 9.034579e-01
 3.771122e+03	 1.492416e+00	 8.833789e-01
 3.874675e+03	 1.459003e+00	 8.637150e-01
 3.981072e+03	 1.426291e+00	 8.444588e-01
 4.090390e+03	 1.394267e+00	 8.256032e-01
 4.202710e+03	 1.362918e+00	 8.071410e-01
 4.318114e+03	 1.332232e+00	 7.890651e-01
 4.436687e+03	 1.302197e+00	 7.713686e-01
 4.558516e+03	 1.272801e+00	 7.540446e-01
 4.683691e+03	 1.244031e+00	 7.370861e-01
 4.812303e+03	 1.215876e+00	 7.204865e-01
 4.944446e+03	 1.188324e+00	 7.042391e-01
 5.080218e+03	 1.161364e+00	 6.883373e-01
 5.219718e+03	 1.134984e+00	 6.727746e-01
 5.363049e+03	 1.109172e+00	 6.575446e-01
 5.510316e+03	 1.083918e+00	 6.426409e-01
 5.661626e+03	 1.059212e+00	 6.280574e-01
 5.817091e+03	 1.035041e+00	 6.137878e-01
 5.976826e+03	 1.011397e+00	 5.998260e-01
 6.140946e+03	 9.882673e-01	 5.861662e-01
 6.309573e+03	 9.656430e-01	 5.728024e-01
 6.482831e+03	 9.435136e-01	 5.597287e-01
 6.660846e+03	 9.218693e-01	 5.469395e-01
 6.843750e+03	 9.007003e-01	 5.344292e-01
 7.031676e+03	 8.799970e-01	 5.221922e-01
 7.224762e+03	 8.597500e-01	 5.102230e-01
 7.423150e+03	 8.399499e-01	 4.985163e-01
 7.626986e+03	 8.205878e-01	 4.870667e-01
 7.836419e+03	 8.016544e-01	 4.758692e-01
 8.051603e+03	 7.831412e-01	 4.649185e-01
 8.272696e+03	 7.650394e-01	 4.542097e-01
 8.499860e+03	 7.473405e-01	 4.437378e-01
 8.733262e+03	 7.300360e-01	 4.334980e-01
 8.973072e+03	 7.131180e-01	 4.234854e-01
 9.219468e+03	 6.965781e-01	 4.136954e-01
 9.472630e+03	 6.804086e-01	 4.041234e-01
 9.732744e+03	 6.646016e-01	 3.947649e-01
 1.000000e+04	 6.491496e-01	 3.856153e-01
