 1.000000e+01	 0.000000e+00	 4.298969e-01
 1.027459e+01	 3.296106e-02	 5.609816e-01
 1.055673e+01	 8.405913e-02	 6.965751e-01
 1.084661e+01	 1.671624e-01	 8.360515e-01
 1.114445e+01	 2.702979e-01	 9.788315e-01
 1.145048e+01	 3.781646e-01	 1.124379e+00
 1.176490e+01	 4.901517e-01	 1.272196e+00
 1.208796e+01	 6.158874e-01	 1.421825e+00
 1.241989e+01	 7.721815e-01	 1.607666e+00
 1.276093e+01	 9.332386e-01	 1.798444e+00
 1.311134e+01	 1.098340e+00	 1.991856e+00
 1.347137e+01	 1.266821e+00	 2.187308e+00
 1.384129e+01	 1.438065e+00	 2.384254e+00
 1.422136e+01	 1.623569e+00	 2.582186e+00
 1.461187e+01	 1.831460e+00	 2.780636e+00
 1.501311e+01	 2.071992e+00	 2.979168e+00
 1.542536e+01	 2.317919e+00	 3.177380e+00
 1.584893e+01	 2.567150e+00	 3.374901e+00
 1.628414e+01	 2.818873e+00	 3.571384e+00
 1.673129e+01	 3.072340e+00	 3.766512e+00
 1.719072e+01	 3.326858e+00	 3.974710e+00
 1.766277e+01	 3.581788e+00	 4.191851e+00
 1.814778e+01	 3.836538e+00	 4.408150e+00
 1.864611e+01	 4.090562e+00	 4.633203e+00
 1.915812e+01	 4.343355e+00	 4.869423e+00
 1.968419e+01	 4.594451e+00	 5.104849e+00
 2.022471e+01	 4.843420e+00	 5.338982e+00
 2.078007e+01	 5.089865e+00	 5.571364e+00
 2.135068e+01	 5.333421e+00	 5.801568e+00
 2.193696e+01	 5.573749e+00	 6.029203e+00
 2.253934e+01	 5.810539e+00	 6.253907e+00
 2.315826e+01	 6.043505e+00	 6.475348e+00
 2.379417e+01	 6.272383e+00	 6.693219e+00
 2.444755e+01	 6.497638e+00	 6.907238e+00
 2.511886e+01	 6.730227e+00	 7.117148e+00
 2.580862e+01	 6.958786e+00	 7.322712e+00
 2.651731e+01	 7.183032e+00	 7.523712e+00
 2.724546e+01	 7.407012e+00	 7.719951e+00
 2.799360e+01	 7.632681e+00	 7.911249e+00
 2.876229e+01	 7.853899e+00	 8.097443e+00
 2.955209e+01	 8.070388e+00	 8.278384e+00
 3.036358e+01	 8.281895e+00	 8.453940e+00
 3.119735e+01	 8.488189e+00	 8.623991e+00
 3.205401e+01	 8.689062e+00	 8.788432e+00
 3.293420e+01	 8.884327e+00	 8.947169e+00
 3.383855e+01	 9.073813e+00	 9.100119e+00
 3.476774e+01	 9.257369e+00	 9.247213e+00
 3.572245e+01	 9.434861e+00	 9.388390e+00
 3.670336e+01	 9.606171e+00	 9.523600e+00
 3.771122e+01	 9.771194e+00	 9.652803e+00
 3.874675e+01	 9.929842e+00	 9.775968e+00
 3.981072e+01	 1.008204e+01	 9.893072e+00
 4.090390e+01	 1.022772e+01	 1.000410e+01
 4.202710e+01	 1.036684e+01	 1.010905e+01
 4.318114e+01	 1.049935e+01	 1.020792e+01
 4.436687e+01	 1.062523e+01	 1.030073e+01
 4.558516e+01	 1.074446e+01	 1.038748e+01
 4.683691e+01	 1.085703e+01	 1.046820e+01
 4.812303e+01	 1.096295e+01	 1.054293e+01
 4.944446e+01	 1.106222e+01	 1.061170e+01
 5.080218e+01	 1.115486e+01	 1.067454e+01
 5.219718e+01	 1.124090e+01	 1.073152e+01
 5.363049e+01	 1.132038e+01	 1.078268e+01
 5.510316e+01	 1.139334e+01	 1.082809e+01
 5.661626e+01	 1.145983e+01	 1.086780e+01
 5.817091e+01	 1.151991e+01	 1.090190e+01
 5.976826e+01	 1.157364e+01	 1.093045e+01
 6.140946e+01	 1.162109e+01	 1.095353e+01
 6.309573e+01	 1.166234e+01	 1.097124e+01
 6.482831e+01	 1.169746e+01	 1.098364e+01
 6.660846e+01	 1.172655e+01	 1.099085e+01
 6.843750e+01	 1.174971e+01	 1.099295e+01
 7.031676e+01	 1.176701e+01	 1.099047e+01
 7.224762e+01	 1.177857e+01	 1.098503e+01
 7.423150e+01	 1.178450e+01	 1.097491e+01
 7.626986e+01	 1.178489e+01	 1.096018e+01
 7.836419e+01	 1.177987e+01	 1.094096e+01
 8.051603e+01	 1.176955e+01	 1.091733e+01
 8.272696e+01	 1.175406e+01	 1.088940e+01
 8.499860e+01	 1.173350e+01	 1.085726e+01
 8.733262e+01	 1.170802e+01	 1.082103e+01
 8.973072e+01	 1.167774e+01	 1.078081e+01
 9.219468e+01	 1.164278e+01	 1.073672e+01
 9.472630e+01	 1.160329e+01	 1.068887e+01
 9.732744e+01	 1.155938e+01	 1.063829e+01
 1.000000e+02	 1.151121e+01	 1.058467e+01
 1.027459e+02	 1.145890e+01	 1.052769e+01
 1.055673e+02	 1.140259e+01	 1.046747e+01
 1.084661e+02	 1.134242e+01	 1.040412e+01
 1.114445e+02	 1.127853e+01	 1.033775e+01
 1.145048e+02	 1.121106e+01	 1.026847e+01
 1.176490e+02	 1.114015e+01	 1.019640e+01
 1.208796e+02	 1.106593e+01	 1.012165e+01
 1.241989e+02	 1.098854e+01	 1.004434e+01
 1.276093e+02	 1.090812e+01	 9.964578e+00
 1.311134e+02	 1.082481e+01	 9.882483e+00
 1.347137e+02	 1.073875e+01	 9.798168e+00
 1.384129e+02	 1.065007e+01	 9.711747e+00
 1.422136e+02	 1.055890e+01	 9.623334e+00
 1.461187e+02	 1.046537e+01	 9.533039e+00
 1.501311e+02	 1.036963e+01	 9.440975e+00
 1.542536e+02	 1.027179e+01	 9.347251e+00
 1.584893e+02	 1.017199e+01	 9.251977e+00
 1.628414e+02	 1.007035e+01	 9.155258e+00
 1.673129e+02	 9.966988e+00	 9.057200e+00
 1.719072e+02	 9.862037e+00	 8.957907e+00
 1.766277e+02	 9.755612e+00	 8.857481e+00
 1.814778e+02	 9.647871e+00	 8.756022e+00
 1.864611e+02	 9.540106e+00	 8.653626e+00
 1.915812e+02	 9.431306e+00	 8.550390e+00
 1.968419e+02	 9.321551e+00	 8.446407e+00
 2.022471e+02	 9.210939e+00	 8.341768e+00
 2.078007e+02	 9.099564e+00	 8.236562e+00
 2.135068e+02	 8.987521e+00	 8.130876e+00
 2.193696e+02	 8.874901e+00	 8.024793e+00
 2.253934e+02	 8.761793e+00	 7.918394e+00
 2.315826e+02	 8.648285e+00	 7.811760e+00
 2.379417e+02	 8.534461e+00	 7.704966e+00
 2.444755e+02	 8.420404e+00	 7.598088e+00
 2.511886e+02	 8.306454e+00	 7.491195e+00
 2.580862e+02	 8.192446e+00	 7.384357e+00
 2.651731e+02	 8.078449e+00	 7.277642e+00
 2.724546e+02	 7.964533e+00	 7.171112e+00
 2.799360e+02	 7.850765e+00	 7.064830e+00
 2.876229e+02	 7.737212e+00	 6.958855e+00
 2.955209e+02	 7.623935e+00	 6.853242e+00
 3.036358e+02	 7.510996e+00	 6.748048e+00
 3.119735e+02	 7.398452e+00	 6.643322e+00
 3.205401e+02	 7.286359e+00	 6.539115e+00
 3.293420e+02	 7.174771e+00	 6.435473e+00
 3.383855e+02	 7.063737e+00	 6.332443e+00
 3.476774e+02	 6.953307e+00	 6.230065e+00
 3.572245e+02	 6.843528e+00	 6.128380e+00
 3.670336e+02	 6.734441e+00	 6.027427e+00
 3.771122e+02	 6.626090e+00	 5.927242e+00
 3.874675e+02	 6.518514e+00	 5.827858e+00
 3.981072e+02	 6.411749e+00	 5.729308e+00
 4.090390e+02	 6.305832e+00	 5.631620e+00
 4.202710e+02	 6.200794e+00	 5.534825e+00
 4.318114e+02	 6.096667e+00	 5.438946e+00
 4.436687e+02	 5.993480e+00	 5.344009e+00
 4.558516e+02	 5.891259e+00	 5.250036e+00
 4.683691e+02	 5.790030e+00	 5.157048e+00
 4.812303e+02	 5.689816e+00	 5.065064e+00
 4.944446e+02	 5.590639e+00	 4.974102e+00
 5.080218e+02	 5.492517e+00	 4.884177e+00
 5.219718e+02	 5.395470e+00	 4.795303e+00
 5.363049e+02	 5.299513e+00	 4.707494e+00
 5.510316e+02	 5.204661e+00	 4.620762e+00
 5.661626e+02	 5.110928e+00	 4.535115e+00
 5.817091e+02	 5.018326e+00	 4.450564e+00
 5.976826e+02	 4.926864e+00	 4.367116e+00
 6.140946e+02	 4.836553e+00	 4.284776e+00
 6.309573e+02	 4.747399e+00	 4.203551e+00
 6.482831e+02	 4.659409e+00	 4.123445e+00
 6.660846e+02	 4.572589e+00	 4.044459e+00
 6.843750e+02	 4.486943e+00	 3.966598e+00
 7.031676e+02	 4.402474e+00	 3.889861e+00
 7.224762e+02	 4.319183e+00	 3.814248e+00
 7.423150e+02	 4.237073e+00	 3.739760e+00
 7.626986e+02	 4.156142e+00	 3.666394e+00
 7.836419e+02	 4.076391e+00	 3.594148e+00
 8.051603e+02	 3.997818e+00	 3.523018e+00
 8.272696e+02	 3.920419e+00	 3.453002e+00
 8.499860e+02	 3.844192e+00	 3.384094e+00
 8.733262e+02	 3.769133e+00	 3.316289e+00
 8.973072e+02	 3.695237e+00	 3.249581e+00
 9.219468e+02	 3.622499e+00	 3.183964e+00
 9.472630e+02	 3.550912e+00	 3.119432e+00
 9.732744e+02	 3.480470e+00	 3.055976e+00
 1.000000e+03	 3.411167e+00	 2.993588e+00
 1.027459e+03	 3.342994e+00	 2.932262e+00
 1.055673e+03	 3.275943e+00	 2.871986e+00
 1.084661e+03	 3.210006e+00	 2.812754e+00
 1.114445e+03	 3.145174e+00	 2.754554e+00
 1.145048e+03	 3.081437e+00	 2.697377e+00
 1.176490e+03	 3.018786e+00	 2.641214e+00
 1.208796e+03	 2.957211e+00	 2.586052e+00
 1.241989e+03	 2.896701e+00	 2.531883e+00
 1.276093e+03	 2.837246e+00	 2.478695e+00
 1.311134e+03	 2.778835e+00	 2.426477e+00
 1.347137e+03	 2.721456e+00	 2.375218e+00
 1.384129e+03	 2.665098e+00	 2.324905e+00
 1.422136e+03	 2.609750e+00	 2.275528e+00
 1.461187e+03	 2.555401e+00	 2.227075e+00
 1.501311e+03	 2.502037e+00	 2.179533e+00
 1.542536e+03	 2.449648e+00	 2.132891e+00
 1.584893e+03	 2.398221e+00	 2.087137e+00
 1.628414e+03	 2.347743e+00	 2.042259e+00
 1.673129e+03	 2.298203e+00	 1.998243e+00
 1.719072e+03	 2.249588e+00	 1.955079e+00
 1.766277e+03	 2.201886e+00	 1.912754e+00
 1.814778e+03	 2.155083e+00	 1.871255e+00
 1.864611e+03	 2.109169e+00	 1.830571e+00
 1.915812e+03	 2.064129e+00	 1.790688e+00
 1.968419e+03	 2.019952e+00	 1.751595e+00
 2.022471e+03	 1.976625e+00	 1.713279e+00
 2.078007e+03	 1.934135e+00	 1.675729e+00
 2.135068e+03	 1.892471e+00	 1.638931e+00
 2.193696e+03	 1.851618e+00	 1.602875e+00
 2.253934e+03	 1.811565e+00	 1.567547e+00
 2.315826e+03	 1.772300e+00	 1.532936e+00
 2.379417e+03	 1.733810e+00	 1.499030e+00
 2.444755e+03	 1.696083e+00	 1.465816e+00
 2.511886e+03	 1.659107e+00	 1.433284e+00
 2.580862e+03	 1.622873e+00	 1.401422e+00
 2.651731e+03	 1.587364e+00	 1.370218e+00
 2.724546e+03	 1.552571e+00	 1.339660e+00
 2.799360e+03	 1.518479e+00	 1.309737e+00
 2.876229e+03	 1.485079e+00	 1.280438e+00
 2.955209e+03	 1.452358e+00	 1.251752e+00
 3.036358e+03	 1.420304e+00	 1.223667e+00
 3.119735e+03	 1.388906e+00	 1.196174e+00
 3.205401e+03	 1.358153e+00	 1.169260e+00
 3.293420e+03	 1.328033e+00	 1.142916e+00
 3.383855e+03	 1.298535e+00	 1.117130e+00
 3.476774e+03	 1.269648e+00	 1.091893e+00
 3.572245e+03	 1.241361e+00	 1.067194e+00
 3.670336e+03	 1.213664e+00	 1.043023e+00
 3.771122e+03	 1.186545e+00	 1.019370e+00
 3.874675e+03	 1.159994e+00	 9.962244e-01
 3.981072e+03	 1.134001e+00	 9.735775e-01
 4.090390e+03	 1.108555e+00	 9.514192e-01
 4.202710e+03	 1.083647e+00	 9.297402e-01
 4.318114e+03	 1.059266e+00	 9.085310e-01
 4.436687e+03	 1.035402e+00	 8.877824e-01
 4.558516e+03	 1.012045e+00	 8.674854e-01
 4.683691e+03	 9.891866e-01	 8.476311e-01
 4.812303e+03	 9.668165e-01	 8.282107e-01
 4.944446e+03	 9.449255e-01	 8.092154e-01
 5.080218e+03	 9.235044e-01	 7.906369e-01
 5.219718e+03	 9.025441e-01	 7.724667e-01
 5.363049e+03	 8.820356e-01	 7.546966e-01
 5.510316e+03	 8.619702e-01	 7.373184e-01
 5.661626e+03	 8.423391e-01	 7.203242e-01
 5.817091e+03	 8.231338e-01	 7.037062e-01
 5.976826e+03	 8.043459e-01	 6.874566e-01
 6.140946e+03	 7.859671e-01	 6.715679e-01
 6.309573e+03	 7.679893e-01	 6.560327e-01
 6.482831e+03	 7.504044e-01	 6.408435e-01
 6.660846e+03	 7.332046e-01	 6.259932e-01
 6.843750e+03	 7.163821e-01	 6.114748e-01
 7.031676e+03	 6.999293e-01	 5.972813e-01
 7.224762e+03	 6.838387e-01	 5.834060e-01
 7.423150e+03	 6.681029e-01	 5.698420e-01
 7.626986e+03	 6.527147e-01	 5.565829e-01
 7.836419e+03	 6.376669e-01	 5.436222e-01
 8.051603e+03	 6.229526e-01	 5.309536e-01
 8.272696e+03	 6.085649e-01	 5.185709e-01
 8.499860e+03	 5.944970e-01	 5.064680e-01
 8.733262e+03	 5.807423e-01	 4.946389e-01
 8.973072e+03	 5.672942e-01	 4.830777e-01
 9.219468e+03	 5.541465e-01	 4.717788e-01
 9.472630e+03	 5.412927e-01	 4.607364e-01
 9.732744e+03	 5.287268e-01	 4.499450e-01
 1.000000e+04	 5.164427e-01	 4.393992e-01
