 1.000000e+01	 0.000000e+00	 0.000000e+00
 1.027459e+01	 0.000000e+00	 0.000000e+00
 1.055673e+01	 0.000000e+00	 0.000000e+00
 1.084661e+01	 0.000000e+00	 0.000000e+00
 1.114445e+01	 5.015262e-02	 8.112493e-02
 1.145048e+01	 1.391912e-01	 1.730639e-01
 1.176490e+01	 2.331886e-01	 2.698114e-01
 1.208796e+01	 3.315360e-01	 3.707676e-01
 1.241989e+01	 4.336697e-01	 4.753773e-01
 1.276093e+01	 5.390680e-01	 5.831266e-01
 1.311134e+01	 6.997195e-01	 6.935399e-01
 1.347137e+01	 8.907654e-01	 8.061771e-01
 1.384129e+01	 1.110709e+00	 9.206312e-01
 1.422136e+01	 1.402667e+00	 1.036526e+00
 1.461187e+01	 1.746406e+00	 1.153512e+00
 1.501311e+01	 2.100666e+00	 1.271267e+00
 1.542536e+01	 2.497391e+00	 1.431030e+00
 1.584893e+01	 2.925119e+00	 1.613368e+00
 1.628414e+01	 3.361758e+00	 1.798935e+00
 1.673129e+01	 3.805579e+00	 1.987043e+00
 1.719072e+01	 4.254983e+00	 2.177055e+00
 1.766277e+01	 4.708492e+00	 2.395280e+00
 1.814778e+01	 5.164743e+00	 2.632071e+00
 1.864611e+01	 5.664263e+00	 2.891419e+00
 1.915812e+01	 6.167577e+00	 3.181439e+00
 1.968419e+01	 6.672334e+00	 3.475150e+00
 2.022471e+01	 7.177236e+00	 3.771523e+00
 2.078007e+01	 7.681087e+00	 4.069608e+00
 2.135068e+01	 8.182782e+00	 4.368528e+00
 2.193696e+01	 8.681305e+00	 4.667477e+00
 2.253934e+01	 9.175719e+00	 4.996261e+00
 2.315826e+01	 9.665160e+00	 5.327280e+00
 2.379417e+01	 1.014884e+01	 5.657888e+00
 2.444755e+01	 1.062602e+01	 5.987266e+00
 2.511886e+01	 1.109604e+01	 6.314660e+00
 2.580862e+01	 1.155828e+01	 6.639379e+00
 2.651731e+01	 1.201218e+01	 6.960786e+00
 2.724546e+01	 1.245722e+01	 7.278296e+00
 2.799360e+01	 1.289295e+01	 7.591374e+00
 2.876229e+01	 1.331892e+01	 7.899531e+00
 2.955209e+01	 1.374348e+01	 8.202319e+00
 3.036358e+01	 1.416855e+01	 8.499330e+00
 3.119735e+01	 1.458383e+01	 8.790191e+00
 3.205401e+01	 1.498889e+01	 9.074566e+00
 3.293420e+01	 1.538335e+01	 9.352149e+00
 3.383855e+01	 1.577162e+01	 9.622664e+00
 3.476774e+01	 1.615944e+01	 9.891225e+00
 3.572245e+01	 1.653651e+01	 1.016340e+01
 3.670336e+01	 1.690249e+01	 1.042868e+01
 3.771122e+01	 1.725703e+01	 1.068676e+01
 3.874675e+01	 1.759984e+01	 1.093736e+01
 3.981072e+01	 1.793067e+01	 1.118025e+01
 4.090390e+01	 1.824929e+01	 1.141520e+01
 4.202710e+01	 1.855553e+01	 1.164204e+01
 4.318114e+01	 1.884920e+01	 1.186060e+01
 4.436687e+01	 1.913019e+01	 1.207073e+01
 4.558516e+01	 1.939838e+01	 1.227233e+01
 4.683691e+01	 1.965369e+01	 1.246529e+01
 4.812303e+01	 1.989607e+01	 1.264954e+01
 4.944446e+01	 2.012548e+01	 1.282501e+01
 5.080218e+01	 2.034190e+01	 1.299167e+01
 5.219718e+01	 2.054534e+01	 1.314949e+01
 5.363049e+01	 2.073583e+01	 1.329845e+01
 5.510316e+01	 2.091341e+01	 1.343857e+01
 5.661626e+01	 2.107814e+01	 1.356985e+01
 5.817091e+01	 2.123009e+01	 1.369234e+01
 5.976826e+01	 2.136937e+01	 1.380606e+01
 6.140946e+01	 2.149608e+01	 1.391109e+01
 6.309573e+01	 2.161033e+01	 1.400748e+01
 6.482831e+01	 2.171227e+01	 1.409530e+01
 6.660846e+01	 2.180204e+01	 1.417466e+01
 6.843750e+01	 2.187981e+01	 1.424563e+01
 7.031676e+01	 2.194573e+01	 1.430833e+01
 7.224762e+01	 2.200000e+01	 1.436286e+01
 7.423150e+01	 2.204281e+01	 1.440935e+01
 7.626986e+01	 2.207434e+01	 1.444792e+01
 7.836419e+01	 2.209482e+01	 1.447871e+01
 8.051603e+01	 2.210446e+01	 1.450186e+01
 8.272696e+01	 2.210348e+01	 1.451751e+01
 8.499860e+01	 2.209211e+01	 1.452581e+01
 8.733262e+01	 2.207060e+01	 1.452693e+01
 8.973072e+01	 2.203918e+01	 1.452101e+01
 9.219468e+01	 2.199811e+01	 1.450823e+01
 9.472630e+01	 2.194762e+01	 1.448875e+01
 9.732744e+01	 2.188800e+01	 1.446276e+01
 1.000000e+02	 2.181948e+01	 1.443041e+01
 1.027459e+02	 2.174234e+01	 1.439189e+01
 1.055673e+02	 2.165685e+01	 1.434738e+01
 1.084661e+02	 2.156327e+01	 1.429707e+01
 1.114445e+02	 2.146186e+01	 1.424113e+01
 1.145048e+02	 2.135292e+01	 1.417975e+01
 1.176490e+02	 2.123670e+01	 1.411312e+01
 1.208796e+02	 2.111347e+01	 1.404142e+01
 1.241989e+02	 2.098352e+01	 1.396484e+01
 1.276093e+02	 2.084711e+01	 1.388356e+01
 1.311134e+02	 2.070452e+01	 1.379778e+01
 1.347137e+02	 2.055600e+01	 1.370767e+01
 1.384129e+02	 2.040185e+01	 1.361343e+01
 1.422136e+02	 2.024231e+01	 1.351524e+01
 1.461187e+02	 2.007765e+01	 1.341328e+01
 1.501311e+02	 1.990814e+01	 1.330780e+01
 1.542536e+02	 1.973403e+01	 1.320005e+01
 1.584893e+02	 1.955558e+01	 1.308913e+01
 1.628414e+02	 1.937304e+01	 1.297520e+01
 1.673129e+02	 1.918666e+01	 1.285843e+01
 1.719072e+02	 1.899669e+01	 1.273897e+01
 1.766277e+02	 1.880336e+01	 1.261699e+01
 1.814778e+02	 1.860691e+01	 1.249265e+01
 1.864611e+02	 1.840848e+01	 1.236609e+01
 1.915812e+02	 1.820781e+01	 1.223748e+01
 1.968419e+02	 1.800476e+01	 1.210696e+01
 2.022471e+02	 1.779955e+01	 1.197468e+01
 2.078007e+02	 1.759237e+01	 1.184079e+01
 2.135068e+02	 1.738344e+01	 1.170543e+01
 2.193696e+02	 1.717294e+01	 1.156874e+01
 2.253934e+02	 1.696106e+01	 1.143084e+01
 2.315826e+02	 1.674798e+01	 1.129188e+01
 2.379417e+02	 1.653390e+01	 1.115198e+01
 2.444755e+02	 1.631897e+01	 1.101127e+01
 2.511886e+02	 1.610357e+01	 1.086987e+01
 2.580862e+02	 1.588774e+01	 1.072805e+01
 2.651731e+02	 1.567157e+01	 1.058607e+01
 2.724546e+02	 1.545522e+01	 1.044376e+01
 2.799360e+02	 1.523882e+01	 1.030122e+01
 2.876229e+02	 1.502253e+01	 1.015856e+01
 2.955209e+02	 1.480648e+01	 1.001587e+01
 3.036358e+02	 1.459080e+01	 9.873237e+00
 3.119735e+02	 1.437571e+01	 9.730761e+00
 3.205401e+02	 1.416134e+01	 9.588524e+00
 3.293420e+02	 1.394772e+01	 9.446611e+00
 3.383855e+02	 1.373494e+01	 9.305101e+00
 3.476774e+02	 1.352311e+01	 9.164069e+00
 3.572245e+02	 1.331234e+01	 9.023590e+00
 3.670336e+02	 1.310271e+01	 8.883734e+00
 3.771122e+02	 1.289432e+01	 8.744566e+00
 3.874675e+02	 1.268725e+01	 8.606150e+00
 3.981072e+02	 1.248158e+01	 8.468548e+00
 4.090390e+02	 1.227740e+01	 8.331815e+00
 4.202710e+02	 1.207476e+01	 8.196007e+00
 4.318114e+02	 1.187381e+01	 8.061175e+00
 4.436687e+02	 1.167458e+01	 7.927367e+00
 4.558516e+02	 1.147710e+01	 7.794629e+00
 4.683691e+02	 1.128143e+01	 7.663004e+00
 4.812303e+02	 1.108761e+01	 7.532532e+00
 4.944446e+02	 1.089569e+01	 7.403250e+00
 5.080218e+02	 1.070572e+01	 7.275194e+00
 5.219718e+02	 1.051773e+01	 7.148396e+00
 5.363049e+02	 1.033177e+01	 7.022887e+00
 5.510316e+02	 1.014787e+01	 6.898693e+00
 5.661626e+02	 9.966055e+00	 6.775842e+00
 5.817091e+02	 9.786360e+00	 6.654355e+00
 5.976826e+02	 9.608807e+00	 6.534254e+00
 6.140946e+02	 9.433419e+00	 6.415558e+00
 6.309573e+02	 9.260216e+00	 6.298285e+00
 6.482831e+02	 9.089215e+00	 6.182450e+00
 6.660846e+02	 8.920431e+00	 6.068066e+00
 6.843750e+02	 8.753874e+00	 5.955145e+00
 7.031676e+02	 8.589557e+00	 5.843697e+00
 7.224762e+02	 8.427485e+00	 5.733730e+00
 7.423150e+02	 8.267665e+00	 5.625252e+00
 7.626986e+02	 8.110100e+00	 5.518267e+00
 7.836419e+02	 7.954792e+00	 5.412780e+00
 8.051603e+02	 7.801740e+00	 5.308792e+00
 8.272696e+02	 7.650943e+00	 5.206307e+00
 8.499860e+02	 7.502398e+00	 5.105322e+00
 8.733262e+02	 7.356098e+00	 5.005838e+00
 8.973072e+02	 7.212038e+00	 4.907852e+00
 9.219468e+02	 7.070209e+00	 4.811361e+00
 9.472630e+02	 6.930602e+00	 4.716360e+00
 9.732744e+02	 6.793206e+00	 4.622844e+00
 1.000000e+03	 6.658010e+00	 4.530807e+00
 1.027459e+03	 6.525001e+00	 4.440241e+00
 1.055673e+03	 6.394164e+00	 4.351140e+00
 1.084661e+03	 6.265485e+00	 4.263494e+00
 1.114445e+03	 6.138947e+00	 4.177294e+00
 1.145048e+03	 6.014535e+00	 4.092530e+00
 1.176490e+03	 5.892230e+00	 4.009191e+00
 1.208796e+03	 5.772015e+00	 3.927266e+00
 1.241989e+03	 5.653869e+00	 3.846744e+00
 1.276093e+03	 5.537775e+00	 3.767612e+00
 1.311134e+03	 5.423711e+00	 3.689858e+00
 1.347137e+03	 5.311656e+00	 3.613467e+00
 1.384129e+03	 5.201591e+00	 3.538428e+00
 1.422136e+03	 5.093492e+00	 3.464725e+00
 1.461187e+03	 4.987338e+00	 3.392344e+00
 1.501311e+03	 4.883106e+00	 3.321272e+00
 1.542536e+03	 4.780774e+00	 3.251492e+00
 1.584893e+03	 4.680318e+00	 3.182991e+00
 1.628414e+03	 4.581716e+00	 3.115752e+00
 1.673129e+03	 4.484943e+00	 3.049760e+00
 1.719072e+03	 4.389976e+00	 2.984999e+00
 1.766277e+03	 4.296791e+00	 2.921454e+00
 1.814778e+03	 4.205364e+00	 2.859109e+00
 1.864611e+03	 4.115671e+00	 2.797947e+00
 1.915812e+03	 4.027688e+00	 2.737952e+00
 1.968419e+03	 3.941390e+00	 2.679108e+00
 2.022471e+03	 3.856754e+00	 2.621398e+00
 2.078007e+03	 3.773754e+00	 2.564807e+00
 2.135068e+03	 3.692367e+00	 2.509318e+00
 2.193696e+03	 3.612568e+00	 2.454914e+00
 2.253934e+03	 3.534333e+00	 2.401579e+00
 2.315826e+03	 3.457638e+00	 2.349298e+00
 2.379417e+03	 3.382459e+00	 2.298052e+00
 2.444755e+03	 3.308772e+00	 2.247827e+00
 2.511886e+03	 3.236554e+00	 2.198606e+00
 2.580862e+03	 3.165783e+00	 2.150373e+00
 2.651731e+03	 3.096433e+00	 2.103112e+00
 2.724546e+03	 3.028480e+00	 2.056806e+00
 2.799360e+03	 2.961902e+00	 2.011441e+00
 2.876229e+03	 2.896675e+00	 1.967000e+00
 2.955209e+03	 2.832777e+00	 1.923467e+00
 3.036358e+03	 2.770184e+00	 1.880828e+00
 3.119735e+03	 2.708874e+00	 1.839066e+00
 3.205401e+03	 2.648826e+00	 1.798167e+00
 3.293420e+03	 2.590015e+00	 1.758115e+00
 3.383855e+03	 2.532422e+00	 1.718896e+00
 3.476774e+03	 2.476024e+00	 1.680494e+00
 3.572245e+03	 2.420800e+00	 1.642894e+00
 3.670336e+03	 2.366729e+00	 1.606084e+00
 3.771122e+03	 2.313789e+00	 1.570047e+00
 3.874675e+03	 2.261960e+00	 1.534770e+00
 3.981072e+03	 2.211223e+00	 1.500238e+00
 4.090390e+03	 2.161555e+00	 1.466439e+00
 4.202710e+03	 2.112938e+00	 1.433358e+00
 4.318114e+03	 2.065353e+00	 1.400982e+00
 4.436687e+03	 2.018779e+00	 1.369297e+00
 4.558516e+03	 1.973197e+00	 1.338290e+00
 4.683691e+03	 1.928589e+00	 1.307949e+00
 4.812303e+03	 1.884935e+00	 1.278261e+00
 4.944446e+03	 1.842219e+00	 1.249212e+00
 5.080218e+03	 1.800421e+00	 1.220791e+00
 5.219718e+03	 1.759524e+00	 1.192985e+00
 5.363049e+03	 1.719510e+00	 1.165782e+00
 5.510316e+03	 1.680361e+00	 1.139171e+00
 5.661626e+03	 1.642062e+00	 1.113139e+00
 5.817091e+03	 1.604595e+00	 1.087675e+00
 5.976826e+03	 1.567944e+00	 1.062768e+00
 6.140946e+03	 1.532092e+00	 1.038407e+00
 6.309573e+03	 1.497023e+00	 1.014581e+00
 6.482831e+03	 1.462723e+00	 9.912780e-01
 6.660846e+03	 1.429174e+00	 9.684886e-01
 6.843750e+03	 1.396363e+00	 9.462020e-01
 7.031676e+03	 1.364274e+00	 9.244080e-01
 7.224762e+03	 1.332892e+00	 9.030965e-01
 7.423150e+03	 1.302204e+00	 8.822576e-01
 7.626986e+03	 1.272194e+00	 8.618814e-01
 7.836419e+03	 1.242849e+00	 8.419585e-01
 8.051603e+03	 1.214155e+00	 8.224794e-01
 8.272696e+03	 1.186099e+00	 8.034349e-01
 8.499860e+03	 1.158668e+00	 7.848159e-01
 8.733262e+03	 1.131848e+00	 7.666135e-01
 8.973072e+03	 1.105626e+00	 7.488190e-01
 9.219468e+03	 1.079991e+00	 7.314237e-01
 9.472630e+03	 1.054930e+00	 7.144193e-01
 9.732744e+03	 1.030431e+00	 6.977975e-01
 1.000000e+04	 1.006481e+00	 6.815501e-01
