 1.000000e+01	 6.521313e-02	 2.934613e-01
 1.027459e+01	 2.629031e-01	 5.121387e-01
 1.055673e+01	 4.722715e-01	 7.414227e-01
 1.084661e+01	 6.919353e-01	 9.799958e-01
 1.114445e+01	 9.206138e-01	 1.226638e+00
 1.145048e+01	 1.157121e+00	 1.480221e+00
 1.176490e+01	 1.400360e+00	 1.739699e+00
 1.208796e+01	 1.649315e+00	 2.004104e+00
 1.241989e+01	 1.903044e+00	 2.272540e+00
 1.276093e+01	 2.205344e+00	 2.544180e+00
 1.311134e+01	 2.538056e+00	 2.818255e+00
 1.347137e+01	 2.877050e+00	 3.094056e+00
 1.384129e+01	 3.221145e+00	 3.370924e+00
 1.422136e+01	 3.595852e+00	 3.648253e+00
 1.461187e+01	 4.012595e+00	 3.925477e+00
 1.501311e+01	 4.435037e+00	 4.202076e+00
 1.542536e+01	 4.870377e+00	 4.477566e+00
 1.584893e+01	 5.360525e+00	 4.763367e+00
 1.628414e+01	 5.856090e+00	 5.086778e+00
 1.673129e+01	 6.355551e+00	 5.410793e+00
 1.719072e+01	 6.857504e+00	 5.734678e+00
 1.766277e+01	 7.360647e+00	 6.057752e+00
 1.814778e+01	 7.863779e+00	 6.379385e+00
 1.864611e+01	 8.365790e+00	 6.698992e+00
 1.915812e+01	 8.865654e+00	 7.016034e+00
 1.968419e+01	 9.362423e+00	 7.330013e+00
 2.022471e+01	 9.855222e+00	 7.640465e+00
 2.078007e+01	 1.034324e+01	 7.965559e+00
 2.135068e+01	 1.082574e+01	 8.306040e+00
 2.193696e+01	 1.130203e+01	 8.643800e+00
 2.253934e+01	 1.177148e+01	 8.978221e+00
 2.315826e+01	 1.223349e+01	 9.308731e+00
 2.379417e+01	 1.268755e+01	 9.634805e+00
 2.444755e+01	 1.314401e+01	 9.955957e+00
 2.511886e+01	 1.360623e+01	 1.027174e+01
 2.580862e+01	 1.406051e+01	 1.059589e+01
 2.651731e+01	 1.450626e+01	 1.092858e+01
 2.724546e+01	 1.494297e+01	 1.125620e+01
 2.799360e+01	 1.537016e+01	 1.157822e+01
 2.876229e+01	 1.578740e+01	 1.189416e+01
 2.955209e+01	 1.621137e+01	 1.220357e+01
 3.036358e+01	 1.662829e+01	 1.250603e+01
 3.119735e+01	 1.703518e+01	 1.280119e+01
 3.205401e+01	 1.743158e+01	 1.308870e+01
 3.293420e+01	 1.781710e+01	 1.336826e+01
 3.383855e+01	 1.819140e+01	 1.363960e+01
 3.476774e+01	 1.855413e+01	 1.390247e+01
 3.572245e+01	 1.890503e+01	 1.415666e+01
 3.670336e+01	 1.924384e+01	 1.440197e+01
 3.771122e+01	 1.957033e+01	 1.463823e+01
 3.874675e+01	 1.988431e+01	 1.486530e+01
 3.981072e+01	 2.018562e+01	 1.508305e+01
 4.090390e+01	 2.047413e+01	 1.529138e+01
 4.202710e+01	 2.074971e+01	 1.549019e+01
 4.318114e+01	 2.101228e+01	 1.567943e+01
 4.436687e+01	 2.126177e+01	 1.585904e+01
 4.558516e+01	 2.149814e+01	 1.602898e+01
 4.683691e+01	 2.172135e+01	 1.618924e+01
 4.812303e+01	 2.193141e+01	 1.633982e+01
 4.944446e+01	 2.212834e+01	 1.648071e+01
 5.080218e+01	 2.231215e+01	 1.661195e+01
 5.219718e+01	 2.248289e+01	 1.673357e+01
 5.363049e+01	 2.264064e+01	 1.684562e+01
 5.510316e+01	 2.278547e+01	 1.694816e+01
 5.661626e+01	 2.291748e+01	 1.704126e+01
 5.817091e+01	 2.303677e+01	 1.712499e+01
 5.976826e+01	 2.314346e+01	 1.719946e+01
 6.140946e+01	 2.323769e+01	 1.726476e+01
 6.309573e+01	 2.331961e+01	 1.732100e+01
 6.482831e+01	 2.338938e+01	 1.736830e+01
 6.660846e+01	 2.344715e+01	 1.740678e+01
 6.843750e+01	 2.349312e+01	 1.743659e+01
 7.031676e+01	 2.352747e+01	 1.745785e+01
 7.224762e+01	 2.355040e+01	 1.747072e+01
 7.423150e+01	 2.356211e+01	 1.747536e+01
 7.626986e+01	 2.356283e+01	 1.747192e+01
 7.836419e+01	 2.355277e+01	 1.746057e+01
 8.051603e+01	 2.353216e+01	 1.744148e+01
 8.272696e+01	 2.350125e+01	 1.741483e+01
 8.499860e+01	 2.346026e+01	 1.738079e+01
 8.733262e+01	 2.340946e+01	 1.733956e+01
 8.973072e+01	 2.334908e+01	 1.729132e+01
 9.219468e+01	 2.327940e+01	 1.723626e+01
 9.472630e+01	 2.320066e+01	 1.717464e+01
 9.732744e+01	 2.311314e+01	 1.710927e+01
 1.000000e+02	 2.301710e+01	 1.703781e+01
 1.027459e+02	 2.291281e+01	 1.696044e+01
 1.055673e+02	 2.280055e+01	 1.687733e+01
 1.084661e+02	 2.268058e+01	 1.678866e+01
 1.114445e+02	 2.255318e+01	 1.669463e+01
 1.145048e+02	 2.241863e+01	 1.659542e+01
 1.176490e+02	 2.227720e+01	 1.649122e+01
 1.208796e+02	 2.212917e+01	 1.638223e+01
 1.241989e+02	 2.197481e+01	 1.626862e+01
 1.276093e+02	 2.181440e+01	 1.615060e+01
 1.311134e+02	 2.164821e+01	 1.602836e+01
 1.347137e+02	 2.147651e+01	 1.590208e+01
 1.384129e+02	 2.129956e+01	 1.577197e+01
 1.422136e+02	 2.111765e+01	 1.563820e+01
 1.461187e+02	 2.093102e+01	 1.550098e+01
 1.501311e+02	 2.073995e+01	 1.536047e+01
 1.542536e+02	 2.054468e+01	 1.521688e+01
 1.584893e+02	 2.034548e+01	 1.507038e+01
 1.628414e+02	 2.014259e+01	 1.492116e+01
 1.673129e+02	 1.993627e+01	 1.476939e+01
 1.719072e+02	 1.972674e+01	 1.461525e+01
 1.766277e+02	 1.951427e+01	 1.445892e+01
 1.814778e+02	 1.929906e+01	 1.430091e+01
 1.864611e+02	 1.908389e+01	 1.414157e+01
 1.915812e+02	 1.886662e+01	 1.398058e+01
 1.968419e+02	 1.864744e+01	 1.381807e+01
 2.022471e+02	 1.842652e+01	 1.365421e+01
 2.078007e+02	 1.820407e+01	 1.348914e+01
 2.135068e+02	 1.798027e+01	 1.332300e+01
 2.193696e+02	 1.775531e+01	 1.315593e+01
 2.253934e+02	 1.752935e+01	 1.298807e+01
 2.315826e+02	 1.730259e+01	 1.281955e+01
 2.379417e+02	 1.707518e+01	 1.265050e+01
 2.444755e+02	 1.684729e+01	 1.248104e+01
 2.511886e+02	 1.661959e+01	 1.231131e+01
 2.580862e+02	 1.639177e+01	 1.214141e+01
 2.651731e+02	 1.616397e+01	 1.197145e+01
 2.724546e+02	 1.593631e+01	 1.180156e+01
 2.799360e+02	 1.570894e+01	 1.163183e+01
 2.876229e+02	 1.548198e+01	 1.146237e+01
 2.955209e+02	 1.525557e+01	 1.129328e+01
 3.036358e+02	 1.502982e+01	 1.112465e+01
 3.119735e+02	 1.480485e+01	 1.095656e+01
 3.205401e+02	 1.458076e+01	 1.078912e+01
 3.293420e+02	 1.435768e+01	 1.062240e+01
 3.383855e+02	 1.413570e+01	 1.045648e+01
 3.476774e+02	 1.391491e+01	 1.029144e+01
 3.572245e+02	 1.369542e+01	 1.012734e+01
 3.670336e+02	 1.347730e+01	 9.964262e+00
 3.771122e+02	 1.326064e+01	 9.802266e+00
 3.874675e+02	 1.304553e+01	 9.641415e+00
 3.981072e+02	 1.283202e+01	 9.481765e+00
 4.090390e+02	 1.262021e+01	 9.323372e+00
 4.202710e+02	 1.241014e+01	 9.166287e+00
 4.318114e+02	 1.220189e+01	 9.010560e+00
 4.436687e+02	 1.199551e+01	 8.856234e+00
 4.558516e+02	 1.179106e+01	 8.703353e+00
 4.683691e+02	 1.158859e+01	 8.551956e+00
 4.812303e+02	 1.138813e+01	 8.402079e+00
 4.944446e+02	 1.118975e+01	 8.253757e+00
 5.080218e+02	 1.099347e+01	 8.107020e+00
 5.219718e+02	 1.079933e+01	 7.961897e+00
 5.363049e+02	 1.060737e+01	 7.818413e+00
 5.510316e+02	 1.041761e+01	 7.676593e+00
 5.661626e+02	 1.023009e+01	 7.536458e+00
 5.817091e+02	 1.004483e+01	 7.398026e+00
 5.976826e+02	 9.861837e+00	 7.261315e+00
 6.140946e+02	 9.681145e+00	 7.126339e+00
 6.309573e+02	 9.502764e+00	 6.993110e+00
 6.482831e+02	 9.326709e+00	 6.861640e+00
 6.660846e+02	 9.152990e+00	 6.731937e+00
 6.843750e+02	 8.981615e+00	 6.604008e+00
 7.031676e+02	 8.812592e+00	 6.477859e+00
 7.224762e+02	 8.645924e+00	 6.353494e+00
 7.423150e+02	 8.481613e+00	 6.230913e+00
 7.626986e+02	 8.319661e+00	 6.110119e+00
 7.836419e+02	 8.160066e+00	 5.991111e+00
 8.051603e+02	 8.002823e+00	 5.873885e+00
 8.272696e+02	 7.847930e+00	 5.758440e+00
 8.499860e+02	 7.695379e+00	 5.644769e+00
 8.733262e+02	 7.545162e+00	 5.532868e+00
 8.973072e+02	 7.397270e+00	 5.422730e+00
 9.219468e+02	 7.251693e+00	 5.314346e+00
 9.472630e+02	 7.108419e+00	 5.207708e+00
 9.732744e+02	 6.967434e+00	 5.102806e+00
 1.000000e+03	 6.828725e+00	 4.999628e+00
 1.027459e+03	 6.692277e+00	 4.898165e+00
 1.055673e+03	 6.558073e+00	 4.798402e+00
 1.084661e+03	 6.426097e+00	 4.700328e+00
 1.114445e+03	 6.296330e+00	 4.603929e+00
 1.145048e+03	 6.168755e+00	 4.509190e+00
 1.176490e+03	 6.043351e+00	 4.416096e+00
 1.208796e+03	 5.920099e+00	 4.324633e+00
 1.241989e+03	 5.798978e+00	 4.234783e+00
 1.276093e+03	 5.679967e+00	 4.146531e+00
 1.311134e+03	 5.563044e+00	 4.059860e+00
 1.347137e+03	 5.448187e+00	 3.974753e+00
 1.384129e+03	 5.335374e+00	 3.891192e+00
 1.422136e+03	 5.224580e+00	 3.809159e+00
 1.461187e+03	 5.115784e+00	 3.728637e+00
 1.501311e+03	 5.008961e+00	 3.649606e+00
 1.542536e+03	 4.904087e+00	 3.572049e+00
 1.584893e+03	 4.801138e+00	 3.495946e+00
 1.628414e+03	 4.700090e+00	 3.421278e+00
 1.673129e+03	 4.600918e+00	 3.348027e+00
 1.719072e+03	 4.503597e+00	 3.276173e+00
 1.766277e+03	 4.408102e+00	 3.205697e+00
 1.814778e+03	 4.314409e+00	 3.136579e+00
 1.864611e+03	 4.222492e+00	 3.068800e+00
 1.915812e+03	 4.132326e+00	 3.002341e+00
 1.968419e+03	 4.043887e+00	 2.937182e+00
 2.022471e+03	 3.957149e+00	 2.873303e+00
 2.078007e+03	 3.872087e+00	 2.810685e+00
 2.135068e+03	 3.788675e+00	 2.749309e+00
 2.193696e+03	 3.706890e+00	 2.689155e+00
 2.253934e+03	 3.626706e+00	 2.630203e+00
 2.315826e+03	 3.548098e+00	 2.572435e+00
 2.379417e+03	 3.471042e+00	 2.515832e+00
 2.444755e+03	 3.395512e+00	 2.460374e+00
 2.511886e+03	 3.321486e+00	 2.406042e+00
 2.580862e+03	 3.248944e+00	 2.352818e+00
 2.651731e+03	 3.177856e+00	 2.300683e+00
 2.724546e+03	 3.108198e+00	 2.249618e+00
 2.799360e+03	 3.039947e+00	 2.199605e+00
 2.876229e+03	 2.973079e+00	 2.150625e+00
 2.955209e+03	 2.907570e+00	 2.102661e+00
 3.036358e+03	 2.843397e+00	 2.055694e+00
 3.119735e+03	 2.780537e+00	 2.009708e+00
 3.205401e+03	 2.718968e+00	 1.964684e+00
 3.293420e+03	 2.658666e+00	 1.920604e+00
 3.383855e+03	 2.599610e+00	 1.877453e+00
 3.476774e+03	 2.541777e+00	 1.835212e+00
 3.572245e+03	 2.485146e+00	 1.793865e+00
 3.670336e+03	 2.429694e+00	 1.753395e+00
 3.771122e+03	 2.375400e+00	 1.713786e+00
 3.874675e+03	 2.322244e+00	 1.675023e+00
 3.981072e+03	 2.270205e+00	 1.637088e+00
 4.090390e+03	 2.219261e+00	 1.599966e+00
 4.202710e+03	 2.169393e+00	 1.563641e+00
 4.318114e+03	 2.120580e+00	 1.528099e+00
 4.436687e+03	 2.072803e+00	 1.493324e+00
 4.558516e+03	 2.026042e+00	 1.459301e+00
 4.683691e+03	 1.980278e+00	 1.426015e+00
 4.812303e+03	 1.935492e+00	 1.393453e+00
 4.944446e+03	 1.891665e+00	 1.361600e+00
 5.080218e+03	 1.848779e+00	 1.330441e+00
 5.219718e+03	 1.806815e+00	 1.299963e+00
 5.363049e+03	 1.765756e+00	 1.270152e+00
 5.510316e+03	 1.725584e+00	 1.240996e+00
 5.661626e+03	 1.686281e+00	 1.212480e+00
 5.817091e+03	 1.647831e+00	 1.184592e+00
 5.976826e+03	 1.610217e+00	 1.157320e+00
 6.140946e+03	 1.573422e+00	 1.130650e+00
 6.309573e+03	 1.537429e+00	 1.104570e+00
 6.482831e+03	 1.502224e+00	 1.079069e+00
 6.660846e+03	 1.467789e+00	 1.054133e+00
 6.843750e+03	 1.434110e+00	 1.029753e+00
 7.031676e+03	 1.401171e+00	 1.005915e+00
 7.224762e+03	 1.368957e+00	 9.826098e-01
 7.423150e+03	 1.337453e+00	 9.598250e-01
 7.626986e+03	 1.306646e+00	 9.375500e-01
 7.836419e+03	 1.276520e+00	 9.157742e-01
 8.051603e+03	 1.247061e+00	 8.944871e-01
 8.272696e+03	 1.218257e+00	 8.736784e-01
 8.499860e+03	 1.190093e+00	 8.533380e-01
 8.733262e+03	 1.162556e+00	 8.334559e-01
 8.973072e+03	 1.135633e+00	 8.140223e-01
 9.219468e+03	 1.109311e+00	 7.950279e-01
 9.472630e+03	 1.083578e+00	 7.764631e-01
 9.732744e+03	 1.058421e+00	 7.583187e-01
 1.000000e+04	 1.033828e+00	 7.405858e-01
