 1.000000e+01	 0.000000e+00	 0.000000e+00
 1.027459e+01	 0.000000e+00	 0.000000e+00
 1.055673e+01	 0.000000e+00	 0.000000e+00
 1.084661e+01	 0.000000e+00	 0.000000e+00
 1.114445e+01	 0.000000e+00	 0.000000e+00
 1.145048e+01	 0.000000e+00	 0.000000e+00
 1.176490e+01	 0.000000e+00	 0.000000e+00
 1.208796e+01	 0.000000e+00	 0.000000e+00
 1.241989e+01	 0.000000e+00	 0.000000e+00
 1.276093e+01	 0.000000e+00	 0.000000e+00
 1.311134e+01	 0.000000e+00	 0.000000e+00
 1.347137e+01	 0.000000e+00	 0.000000e+00
 1.384129e+01	 0.000000e+00	 0.000000e+00
 1.422136e+01	 0.000000e+00	 0.000000e+00
 1.461187e+01	 0.000000e+00	 0.000000e+00
 1.501311e+01	 0.000000e+00	 0.000000e+00
 1.542536e+01	 0.000000e+00	 0.000000e+00
 1.584893e+01	 4.623533e-03	 0.000000e+00
 1.628414e+01	 5.251739e-02	 3.523996e-02
 1.673129e+01	 1.032711e-01	 8.441729e-02
 1.719072e+01	 1.565267e-01	 1.361802e-01
 1.766277e+01	 2.941544e-01	 1.901925e-01
 1.814778e+01	 4.525752e-01	 2.461433e-01
 1.864611e+01	 6.175808e-01	 3.037448e-01
 1.915812e+01	 7.882072e-01	 3.702543e-01
 1.968419e+01	 9.635635e-01	 5.138113e-01
 2.022471e+01	 1.142827e+00	 6.630290e-01
 2.078007e+01	 1.325238e+00	 8.170486e-01
 2.135068e+01	 1.511344e+00	 9.750773e-01
 2.193696e+01	 1.727084e+00	 1.136383e+00
 2.253934e+01	 1.945749e+00	 1.300288e+00
 2.315826e+01	 2.166565e+00	 1.466171e+00
 2.379417e+01	 2.388818e+00	 1.633456e+00
 2.444755e+01	 2.611852e+00	 1.801612e+00
 2.511886e+01	 2.835060e+00	 1.970151e+00
 2.580862e+01	 3.057884e+00	 2.138623e+00
 2.651731e+01	 3.279811e+00	 2.306615e+00
 2.724546e+01	 3.500366e+00	 2.473744e+00
 2.799360e+01	 3.719117e+00	 2.639662e+00
 2.876229e+01	 3.935662e+00	 2.804047e+00
 2.955209e+01	 4.149637e+00	 2.966605e+00
 3.036358e+01	 4.360703e+00	 3.127064e+00
 3.119735e+01	 4.568555e+00	 3.296907e+00
 3.205401e+01	 4.772910e+00	 3.470290e+00
 3.293420e+01	 4.973512e+00	 3.641781e+00
 3.383855e+01	 5.170126e+00	 3.811063e+00
 3.476774e+01	 5.362540e+00	 3.977846e+00
 3.572245e+01	 5.550560e+00	 4.141865e+00
 3.670336e+01	 5.734012e+00	 4.302878e+00
 3.771122e+01	 5.912738e+00	 4.460668e+00
 3.874675e+01	 6.086597e+00	 4.615034e+00
 3.981072e+01	 6.255464e+00	 4.765796e+00
 4.090390e+01	 6.429996e+00	 4.912793e+00
 4.202710e+01	 6.600164e+00	 5.055878e+00
 4.318114e+01	 6.765572e+00	 5.194922e+00
 4.436687e+01	 6.926064e+00	 5.329809e+00
 4.558516e+01	 7.081502e+00	 5.460438e+00
 4.683691e+01	 7.231764e+00	 5.586718e+00
 4.812303e+01	 7.376743e+00	 5.708573e+00
 4.944446e+01	 7.516349e+00	 5.825938e+00
 5.080218e+01	 7.650504e+00	 5.938756e+00
 5.219718e+01	 7.779141e+00	 6.046983e+00
 5.363049e+01	 7.902210e+00	 6.150583e+00
 5.510316e+01	 8.019668e+00	 6.249529e+00
 5.661626e+01	 8.131487e+00	 6.343804e+00
 5.817091e+01	 8.237645e+00	 6.433396e+00
 5.976826e+01	 8.338133e+00	 6.518302e+00
 6.140946e+01	 8.432950e+00	 6.598528e+00
 6.309573e+01	 8.522105e+00	 6.674084e+00
 6.482831e+01	 8.605613e+00	 6.744987e+00
 6.660846e+01	 8.683499e+00	 6.811261e+00
 6.843750e+01	 8.755795e+00	 6.872936e+00
 7.031676e+01	 8.822539e+00	 6.930047e+00
 7.224762e+01	 8.883776e+00	 6.982632e+00
 7.423150e+01	 8.939559e+00	 7.030738e+00
 7.626986e+01	 8.989944e+00	 7.074413e+00
 7.836419e+01	 9.034996e+00	 7.113711e+00
 8.051603e+01	 9.074782e+00	 7.148691e+00
 8.272696e+01	 9.109376e+00	 7.179414e+00
 8.499860e+01	 9.138857e+00	 7.205946e+00
 8.733262e+01	 9.163307e+00	 7.228356e+00
 8.973072e+01	 9.182813e+00	 7.246715e+00
 9.219468e+01	 9.197464e+00	 7.261100e+00
 9.472630e+01	 9.207357e+00	 7.271587e+00
 9.732744e+01	 9.212587e+00	 7.278258e+00
 1.000000e+02	 9.213255e+00	 7.281195e+00
 1.027459e+02	 9.209465e+00	 7.280483e+00
 1.055673e+02	 9.201322e+00	 7.276209e+00
 1.084661e+02	 9.188933e+00	 7.268463e+00
 1.114445e+02	 9.172411e+00	 7.257334e+00
 1.145048e+02	 9.151865e+00	 7.242914e+00
 1.176490e+02	 9.127409e+00	 7.225297e+00
 1.208796e+02	 9.099159e+00	 7.204575e+00
 1.241989e+02	 9.067230e+00	 7.180845e+00
 1.276093e+02	 9.031739e+00	 7.154202e+00
 1.311134e+02	 8.992804e+00	 7.124743e+00
 1.347137e+02	 8.950542e+00	 7.092563e+00
 1.384129e+02	 8.905073e+00	 7.057759e+00
 1.422136e+02	 8.856514e+00	 7.020429e+00
 1.461187e+02	 8.804985e+00	 6.980670e+00
 1.501311e+02	 8.750603e+00	 6.938577e+00
 1.542536e+02	 8.693487e+00	 6.894248e+00
 1.584893e+02	 8.633754e+00	 6.847778e+00
 1.628414e+02	 8.571521e+00	 6.799263e+00
 1.673129e+02	 8.506904e+00	 6.748796e+00
 1.719072e+02	 8.440016e+00	 6.696472e+00
 1.766277e+02	 8.370973e+00	 6.642383e+00
 1.814778e+02	 8.299887e+00	 6.586621e+00
 1.864611e+02	 8.226868e+00	 6.529276e+00
 1.915812e+02	 8.152026e+00	 6.471221e+00
 1.968419e+02	 8.075469e+00	 6.411801e+00
 2.022471e+02	 7.997303e+00	 6.351092e+00
 2.078007e+02	 7.917633e+00	 6.289173e+00
 2.135068e+02	 7.836562e+00	 6.226122e+00
 2.193696e+02	 7.754189e+00	 6.162015e+00
 2.253934e+02	 7.670614e+00	 6.096929e+00
 2.315826e+02	 7.585932e+00	 6.030936e+00
 2.379417e+02	 7.500239e+00	 5.964109e+00
 2.444755e+02	 7.413625e+00	 5.896521e+00
 2.511886e+02	 7.326182e+00	 5.828240e+00
 2.580862e+02	 7.237995e+00	 5.759336e+00
 2.651731e+02	 7.149151e+00	 5.689874e+00
 2.724546e+02	 7.059733e+00	 5.619919e+00
 2.799360e+02	 6.969820e+00	 5.549534e+00
 2.876229e+02	 6.879490e+00	 5.478782e+00
 2.955209e+02	 6.788819e+00	 5.407721e+00
 3.036358e+02	 6.697881e+00	 5.336410e+00
 3.119735e+02	 6.606745e+00	 5.264904e+00
 3.205401e+02	 6.515480e+00	 5.193259e+00
 3.293420e+02	 6.424151e+00	 5.121525e+00
 3.383855e+02	 6.332823e+00	 5.049755e+00
 3.476774e+02	 6.241556e+00	 4.977996e+00
 3.572245e+02	 6.150409e+00	 4.906296e+00
 3.670336e+02	 6.059437e+00	 4.834699e+00
 3.771122e+02	 5.968696e+00	 4.763250e+00
 3.874675e+02	 5.878235e+00	 4.691989e+00
 3.981072e+02	 5.788106e+00	 4.620957e+00
 4.090390e+02	 5.698354e+00	 4.550191e+00
 4.202710e+02	 5.609025e+00	 4.479728e+00
 4.318114e+02	 5.520248e+00	 4.409603e+00
 4.436687e+02	 5.432105e+00	 4.339847e+00
 4.558516e+02	 5.344516e+00	 4.270494e+00
 4.683691e+02	 5.257518e+00	 4.201572e+00
 4.812303e+02	 5.171142e+00	 4.133109e+00
 4.944446e+02	 5.085420e+00	 4.065132e+00
 5.080218e+02	 5.000381e+00	 3.997667e+00
 5.219718e+02	 4.916053e+00	 3.930736e+00
 5.363049e+02	 4.832462e+00	 3.864362e+00
 5.510316e+02	 4.749631e+00	 3.798565e+00
 5.661626e+02	 4.667583e+00	 3.733366e+00
 5.817091e+02	 4.586340e+00	 3.668781e+00
 5.976826e+02	 4.505920e+00	 3.604829e+00
 6.140946e+02	 4.426341e+00	 3.541524e+00
 6.309573e+02	 4.347621e+00	 3.478880e+00
 6.482831e+02	 4.269773e+00	 3.416912e+00
 6.660846e+02	 4.192812e+00	 3.355630e+00
 6.843750e+02	 4.116750e+00	 3.295046e+00
 7.031676e+02	 4.041598e+00	 3.235170e+00
 7.224762e+02	 3.967367e+00	 3.176011e+00
 7.423150e+02	 3.894064e+00	 3.117576e+00
 7.626986e+02	 3.821697e+00	 3.059872e+00
 7.836419e+02	 3.750273e+00	 3.002907e+00
 8.051603e+02	 3.679798e+00	 2.946684e+00
 8.272696e+02	 3.610275e+00	 2.891208e+00
 8.499860e+02	 3.541708e+00	 2.836482e+00
 8.733262e+02	 3.474101e+00	 2.782510e+00
 8.973072e+02	 3.407453e+00	 2.729294e+00
 9.219468e+02	 3.341768e+00	 2.676834e+00
 9.472630e+02	 3.277043e+00	 2.625132e+00
 9.732744e+02	 3.213280e+00	 2.574188e+00
 1.000000e+03	 3.150475e+00	 2.524001e+00
 1.027459e+03	 3.088628e+00	 2.474570e+00
 1.055673e+03	 3.027736e+00	 2.425894e+00
 1.084661e+03	 2.967794e+00	 2.377969e+00
 1.114445e+03	 2.908800e+00	 2.330795e+00
 1.145048e+03	 2.850748e+00	 2.284366e+00
 1.176490e+03	 2.793633e+00	 2.238681e+00
 1.208796e+03	 2.737451e+00	 2.193735e+00
 1.241989e+03	 2.682195e+00	 2.149524e+00
 1.276093e+03	 2.627858e+00	 2.106042e+00
 1.311134e+03	 2.574434e+00	 2.063286e+00
 1.347137e+03	 2.521916e+00	 2.021249e+00
 1.384129e+03	 2.470296e+00	 1.979926e+00
 1.422136e+03	 2.419566e+00	 1.939311e+00
 1.461187e+03	 2.369718e+00	 1.899397e+00
 1.501311e+03	 2.320744e+00	 1.860180e+00
 1.542536e+03	 2.272635e+00	 1.821650e+00
 1.584893e+03	 2.225382e+00	 1.783803e+00
 1.628414e+03	 2.178975e+00	 1.746631e+00
 1.673129e+03	 2.133406e+00	 1.710126e+00
 1.719072e+03	 2.088665e+00	 1.674281e+00
 1.766277e+03	 2.044742e+00	 1.639089e+00
 1.814778e+03	 2.001627e+00	 1.604543e+00
 1.864611e+03	 1.959311e+00	 1.570633e+00
 1.915812e+03	 1.917783e+00	 1.537353e+00
 1.968419e+03	 1.877033e+00	 1.504695e+00
 2.022471e+03	 1.837052e+00	 1.472650e+00
 2.078007e+03	 1.797827e+00	 1.441210e+00
 2.135068e+03	 1.759350e+00	 1.410368e+00
 2.193696e+03	 1.721610e+00	 1.380115e+00
 2.253934e+03	 1.684596e+00	 1.350443e+00
 2.315826e+03	 1.648299e+00	 1.321343e+00
 2.379417e+03	 1.612706e+00	 1.292808e+00
 2.444755e+03	 1.577808e+00	 1.264829e+00
 2.511886e+03	 1.543595e+00	 1.237397e+00
 2.580862e+03	 1.510056e+00	 1.210505e+00
 2.651731e+03	 1.477180e+00	 1.184145e+00
 2.724546e+03	 1.444958e+00	 1.158307e+00
 2.799360e+03	 1.413378e+00	 1.132984e+00
 2.876229e+03	 1.382431e+00	 1.108168e+00
 2.955209e+03	 1.352105e+00	 1.083851e+00
 3.036358e+03	 1.322392e+00	 1.060023e+00
 3.119735e+03	 1.293281e+00	 1.036678e+00
 3.205401e+03	 1.264761e+00	 1.013807e+00
 3.293420e+03	 1.236823e+00	 9.914025e-01
 3.383855e+03	 1.209457e+00	 9.694563e-01
 3.476774e+03	 1.182653e+00	 9.479606e-01
 3.572245e+03	 1.156401e+00	 9.269077e-01
 3.670336e+03	 1.130691e+00	 9.062899e-01
 3.771122e+03	 1.105515e+00	 8.860995e-01
 3.874675e+03	 1.080862e+00	 8.663289e-01
 3.981072e+03	 1.056723e+00	 8.469707e-01
 4.090390e+03	 1.033089e+00	 8.280174e-01
 4.202710e+03	 1.009951e+00	 8.094617e-01
 4.318114e+03	 9.872995e-01	 7.912964e-01
 4.436687e+03	 9.651255e-01	 7.735144e-01
 4.558516e+03	 9.434205e-01	 7.561084e-01
 4.683691e+03	 9.221755e-01	 7.390716e-01
 4.812303e+03	 9.013820e-01	 7.223970e-01
 4.944446e+03	 8.810314e-01	 7.060778e-01
 5.080218e+03	 8.611155e-01	 6.901073e-01
 5.219718e+03	 8.416258e-01	 6.744788e-01
 5.363049e+03	 8.225542e-01	 6.591859e-01
 5.510316e+03	 8.038927e-01	 6.442220e-01
 5.661626e+03	 7.856333e-01	 6.295807e-01
 5.817091e+03	 7.677682e-01	 6.152559e-01
 5.976826e+03	 7.502897e-01	 6.012413e-01
 6.140946e+03	 7.331903e-01	 5.875309e-01
 6.309573e+03	 7.164624e-01	 5.741185e-01
 6.482831e+03	 7.000987e-01	 5.609985e-01
 6.660846e+03	 6.840919e-01	 5.481648e-01
 6.843750e+03	 6.684350e-01	 5.356119e-01
 7.031676e+03	 6.531208e-01	 5.233341e-01
 7.224762e+03	 6.381426e-01	 5.113258e-01
 7.423150e+03	 6.234935e-01	 4.995816e-01
 7.626986e+03	 6.091669e-01	 4.880962e-01
 7.836419e+03	 5.951562e-01	 4.768642e-01
 8.051603e+03	 5.814549e-01	 4.658806e-01
 8.272696e+03	 5.680568e-01	 4.551401e-01
 8.499860e+03	 5.549555e-01	 4.446379e-01
 8.733262e+03	 5.421450e-01	 4.343690e-01
 8.973072e+03	 5.296193e-01	 4.243285e-01
 9.219468e+03	 5.173724e-01	 4.145117e-01
 9.472630e+03	 5.053985e-01	 4.049140e-01
 9.732744e+03	 4.936920e-01	 3.955308e-01
 1.000000e+04	 4.822473e-01	 3.863576e-01
