 1.000000e+01	 5.418112e-01
 1.027459e+01	 6.198742e-01
 1.055673e+01	 6.991402e-01
 1.084661e+01	 7.793826e-01
 1.114445e+01	 8.859398e-01
 1.145048e+01	 1.014436e+00
 1.176490e+01	 1.163571e+00
 1.208796e+01	 1.369273e+00
 1.241989e+01	 1.593132e+00
 1.276093e+01	 1.823007e+00
 1.311134e+01	 2.057936e+00
 1.347137e+01	 2.297027e+00
 1.384129e+01	 2.561391e+00
 1.422136e+01	 2.841503e+00
 1.461187e+01	 3.125352e+00
 1.501311e+01	 3.412038e+00
 1.542536e+01	 3.700732e+00
 1.584893e+01	 3.990664e+00
 1.628414e+01	 4.281709e+00
 1.673129e+01	 4.604754e+00
 1.719072e+01	 4.947608e+00
 1.766277e+01	 5.291935e+00
 1.814778e+01	 5.636838e+00
 1.864611e+01	 5.984711e+00
 1.915812e+01	 6.372793e+00
 1.968419e+01	 6.764585e+00
 2.022471e+01	 7.156300e+00
 2.078007e+01	 7.546988e+00
 2.135068e+01	 7.935771e+00
 2.193696e+01	 8.321841e+00
 2.253934e+01	 8.704453e+00
 2.315826e+01	 9.082921e+00
 2.379417e+01	 9.456614e+00
 2.444755e+01	 9.824953e+00
 2.511886e+01	 1.018741e+01
 2.580862e+01	 1.054760e+01
 2.651731e+01	 1.090978e+01
 2.724546e+01	 1.126541e+01
 2.799360e+01	 1.162130e+01
 2.876229e+01	 1.197387e+01
 2.955209e+01	 1.231917e+01
 3.036358e+01	 1.265675e+01
 3.119735e+01	 1.298623e+01
 3.205401e+01	 1.330724e+01
 3.293420e+01	 1.361946e+01
 3.383855e+01	 1.392259e+01
 3.476774e+01	 1.421836e+01
 3.572245e+01	 1.451042e+01
 3.670336e+01	 1.479938e+01
 3.771122e+01	 1.508000e+01
 3.874675e+01	 1.535114e+01
 3.981072e+01	 1.561257e+01
 4.090390e+01	 1.586407e+01
 4.202710e+01	 1.610548e+01
 4.318114e+01	 1.633663e+01
 4.436687e+01	 1.655740e+01
 4.558516e+01	 1.676769e+01
 4.683691e+01	 1.696742e+01
 4.812303e+01	 1.715653e+01
 4.944446e+01	 1.733498e+01
 5.080218e+01	 1.750276e+01
 5.219718e+01	 1.765986e+01
 5.363049e+01	 1.780630e+01
 5.510316e+01	 1.794211e+01
 5.661626e+01	 1.806734e+01
 5.817091e+01	 1.818205e+01
 5.976826e+01	 1.828632e+01
 6.140946e+01	 1.838024e+01
 6.309573e+01	 1.846390e+01
 6.482831e+01	 1.853742e+01
 6.660846e+01	 1.860093e+01
 6.843750e+01	 1.865456e+01
 7.031676e+01	 1.869844e+01
 7.224762e+01	 1.873274e+01
 7.423150e+01	 1.875761e+01
 7.626986e+01	 1.877323e+01
 7.836419e+01	 1.877976e+01
 8.051603e+01	 1.877740e+01
 8.272696e+01	 1.876633e+01
 8.499860e+01	 1.874674e+01
 8.733262e+01	 1.871884e+01
 8.973072e+01	 1.868283e+01
 9.219468e+01	 1.863892e+01
 9.472630e+01	 1.858732e+01
 9.732744e+01	 1.852825e+01
 1.000000e+02	 1.846193e+01
 1.027459e+02	 1.838858e+01
 1.055673e+02	 1.830842e+01
 1.084661e+02	 1.822169e+01
 1.114445e+02	 1.812860e+01
 1.145048e+02	 1.802938e+01
 1.176490e+02	 1.792427e+01
 1.208796e+02	 1.781349e+01
 1.241989e+02	 1.769726e+01
 1.276093e+02	 1.757583e+01
 1.311134e+02	 1.744940e+01
 1.347137e+02	 1.731821e+01
 1.384129e+02	 1.718249e+01
 1.422136e+02	 1.704245e+01
 1.461187e+02	 1.689831e+01
 1.501311e+02	 1.675029e+01
 1.542536e+02	 1.659861e+01
 1.584893e+02	 1.644348e+01
 1.628414e+02	 1.628511e+01
 1.673129e+02	 1.612371e+01
 1.719072e+02	 1.595947e+01
 1.766277e+02	 1.579259e+01
 1.814778e+02	 1.562328e+01
 1.864611e+02	 1.545172e+01
 1.915812e+02	 1.527811e+01
 1.968419e+02	 1.510261e+01
 2.022471e+02	 1.492542e+01
 2.078007e+02	 1.474671e+01
 2.135068e+02	 1.456664e+01
 2.193696e+02	 1.438539e+01
 2.253934e+02	 1.420312e+01
 2.315826e+02	 1.401997e+01
 2.379417e+02	 1.383611e+01
 2.444755e+02	 1.365167e+01
 2.511886e+02	 1.346681e+01
 2.580862e+02	 1.328166e+01
 2.651731e+02	 1.309635e+01
 2.724546e+02	 1.291102e+01
 2.799360e+02	 1.272577e+01
 2.876229e+02	 1.254074e+01
 2.955209e+02	 1.235604e+01
 3.036358e+02	 1.217177e+01
 3.119735e+02	 1.198805e+01
 3.205401e+02	 1.180497e+01
 3.293420e+02	 1.162262e+01
 3.383855e+02	 1.144111e+01
 3.476774e+02	 1.126051e+01
 3.572245e+02	 1.108091e+01
 3.670336e+02	 1.090239e+01
 3.771122e+02	 1.072503e+01
 3.874675e+02	 1.054889e+01
 3.981072e+02	 1.037403e+01
 4.090390e+02	 1.020054e+01
 4.202710e+02	 1.002845e+01
 4.318114e+02	 9.857979e+00
 4.436687e+02	 9.689105e+00
 4.558516e+02	 9.521810e+00
 4.683691e+02	 9.356138e+00
 4.812303e+02	 9.192130e+00
 4.944446e+02	 9.029823e+00
 5.080218e+02	 8.869251e+00
 5.219718e+02	 8.710447e+00
 5.363049e+02	 8.553438e+00
 5.510316e+02	 8.398251e+00
 5.661626e+02	 8.244909e+00
 5.817091e+02	 8.093433e+00
 5.976826e+02	 7.943843e+00
 6.140946e+02	 7.796153e+00
 6.309573e+02	 7.650378e+00
 6.482831e+02	 7.506531e+00
 6.660846e+02	 7.364620e+00
 6.843750e+02	 7.224653e+00
 7.031676e+02	 7.086637e+00
 7.224762e+02	 6.950576e+00
 7.423150e+02	 6.816471e+00
 7.626986e+02	 6.684324e+00
 7.836419e+02	 6.554134e+00
 8.051603e+02	 6.425897e+00
 8.272696e+02	 6.299612e+00
 8.499860e+02	 6.175272e+00
 8.733262e+02	 6.052871e+00
 8.973072e+02	 5.932401e+00
 9.219468e+02	 5.813854e+00
 9.472630e+02	 5.697220e+00
 9.732744e+02	 5.582487e+00
 1.000000e+03	 5.469644e+00
 1.027459e+03	 5.358679e+00
 1.055673e+03	 5.249577e+00
 1.084661e+03	 5.142324e+00
 1.114445e+03	 5.036905e+00
 1.145048e+03	 4.933305e+00
 1.176490e+03	 4.831506e+00
 1.208796e+03	 4.731492e+00
 1.241989e+03	 4.633245e+00
 1.276093e+03	 4.536748e+00
 1.311134e+03	 4.441981e+00
 1.347137e+03	 4.348925e+00
 1.384129e+03	 4.257562e+00
 1.422136e+03	 4.167871e+00
 1.461187e+03	 4.079833e+00
 1.501311e+03	 3.993427e+00
 1.542536e+03	 3.908633e+00
 1.584893e+03	 3.825430e+00
 1.628414e+03	 3.743798e+00
 1.673129e+03	 3.663714e+00
 1.719072e+03	 3.585159e+00
 1.766277e+03	 3.508110e+00
 1.814778e+03	 3.432547e+00
 1.864611e+03	 3.358448e+00
 1.915812e+03	 3.285792e+00
 1.968419e+03	 3.214557e+00
 2.022471e+03	 3.144721e+00
 2.078007e+03	 3.076264e+00
 2.135068e+03	 3.009164e+00
 2.193696e+03	 2.943400e+00
 2.253934e+03	 2.878951e+00
 2.315826e+03	 2.815795e+00
 2.379417e+03	 2.753911e+00
 2.444755e+03	 2.693279e+00
 2.511886e+03	 2.633877e+00
 2.580862e+03	 2.575686e+00
 2.651731e+03	 2.518684e+00
 2.724546e+03	 2.462852e+00
 2.799360e+03	 2.408169e+00
 2.876229e+03	 2.354615e+00
 2.955209e+03	 2.302170e+00
 3.036358e+03	 2.250815e+00
 3.119735e+03	 2.200530e+00
 3.205401e+03	 2.151297e+00
 3.293420e+03	 2.103096e+00
 3.383855e+03	 2.055908e+00
 3.476774e+03	 2.009714e+00
 3.572245e+03	 1.964497e+00
 3.670336e+03	 1.920239e+00
 3.771122e+03	 1.876921e+00
 3.874675e+03	 1.834525e+00
 3.981072e+03	 1.793035e+00
 4.090390e+03	 1.752433e+00
 4.202710e+03	 1.712701e+00
 4.318114e+03	 1.673825e+00
 4.436687e+03	 1.635786e+00
 4.558516e+03	 1.598568e+00
 4.683691e+03	 1.562156e+00
 4.812303e+03	 1.526534e+00
 4.944446e+03	 1.491686e+00
 5.080218e+03	 1.457597e+00
 5.219718e+03	 1.424252e+00
 5.363049e+03	 1.391636e+00
 5.510316e+03	 1.359734e+00
 5.661626e+03	 1.328532e+00
 5.817091e+03	 1.298016e+00
 5.976826e+03	 1.268172e+00
 6.140946e+03	 1.238987e+00
 6.309573e+03	 1.210446e+00
 6.482831e+03	 1.182537e+00
 6.660846e+03	 1.155247e+00
 6.843750e+03	 1.128563e+00
 7.031676e+03	 1.102472e+00
 7.224762e+03	 1.076963e+00
 7.423150e+03	 1.052022e+00
 7.626986e+03	 1.027639e+00
 7.836419e+03	 1.003801e+00
 8.051603e+03	 9.804977e-01
 8.272696e+03	 9.577168e-01
 8.499860e+03	 9.354477e-01
 8.733262e+03	 9.136796e-01
 8.973072e+03	 8.924018e-01
 9.219468e+03	 8.716039e-01
 9.472630e+03	 8.512757e-01
 9.732744e+03	 8.314072e-01
 1.000000e+04	 8.119884e-01
