 1.000000e+01	 0.000000e+00
 1.027459e+01	 1.046818e-01
 1.055673e+01	 3.064023e-01
 1.084661e+01	 5.195249e-01
 1.114445e+01	 7.426665e-01
 1.145048e+01	 9.745465e-01
 1.176490e+01	 1.213979e+00
 1.208796e+01	 1.459868e+00
 1.241989e+01	 1.711197e+00
 1.276093e+01	 1.967027e+00
 1.311134e+01	 2.226488e+00
 1.347137e+01	 2.488777e+00
 1.384129e+01	 2.753148e+00
 1.422136e+01	 3.018914e+00
 1.461187e+01	 3.285438e+00
 1.501311e+01	 3.552130e+00
 1.542536e+01	 3.818445e+00
 1.584893e+01	 4.085998e+00
 1.628414e+01	 4.405618e+00
 1.673129e+01	 4.726717e+00
 1.719072e+01	 5.066062e+00
 1.766277e+01	 5.479622e+00
 1.814778e+01	 5.914021e+00
 1.864611e+01	 6.352242e+00
 1.915812e+01	 6.792895e+00
 1.968419e+01	 7.234696e+00
 2.022471e+01	 7.676461e+00
 2.078007e+01	 8.117097e+00
 2.135068e+01	 8.555597e+00
 2.193696e+01	 8.991032e+00
 2.253934e+01	 9.422549e+00
 2.315826e+01	 9.849363e+00
 2.379417e+01	 1.027075e+01
 2.444755e+01	 1.068605e+01
 2.511886e+01	 1.109465e+01
 2.580862e+01	 1.149600e+01
 2.651731e+01	 1.188959e+01
 2.724546e+01	 1.227495e+01
 2.799360e+01	 1.266524e+01
 2.876229e+01	 1.305606e+01
 2.955209e+01	 1.343864e+01
 3.036358e+01	 1.381251e+01
 3.119735e+01	 1.417723e+01
 3.205401e+01	 1.453240e+01
 3.293420e+01	 1.487767e+01
 3.383855e+01	 1.521271e+01
 3.476774e+01	 1.554580e+01
 3.572245e+01	 1.587605e+01
 3.670336e+01	 1.619613e+01
 3.771122e+01	 1.650572e+01
 3.874675e+01	 1.680453e+01
 3.981072e+01	 1.709233e+01
 4.090390e+01	 1.736891e+01
 4.202710e+01	 1.763408e+01
 4.318114e+01	 1.788769e+01
 4.436687e+01	 1.812962e+01
 4.558516e+01	 1.835978e+01
 4.683691e+01	 1.857809e+01
 4.812303e+01	 1.878450e+01
 4.944446e+01	 1.897898e+01
 5.080218e+01	 1.916154e+01
 5.219718e+01	 1.933218e+01
 5.363049e+01	 1.949093e+01
 5.510316e+01	 1.963784e+01
 5.661626e+01	 1.977298e+01
 5.817091e+01	 1.989644e+01
 5.976826e+01	 2.000829e+01
 6.140946e+01	 2.010867e+01
 6.309573e+01	 2.019768e+01
 6.482831e+01	 2.027547e+01
 6.660846e+01	 2.034219e+01
 6.843750e+01	 2.039798e+01
 7.031676e+01	 2.044303e+01
 7.224762e+01	 2.047750e+01
 7.423150e+01	 2.050159e+01
 7.626986e+01	 2.051549e+01
 7.836419e+01	 2.051940e+01
 8.051603e+01	 2.051353e+01
 8.272696e+01	 2.049811e+01
 8.499860e+01	 2.047335e+01
 8.733262e+01	 2.043949e+01
 8.973072e+01	 2.039675e+01
 9.219468e+01	 2.034537e+01
 9.472630e+01	 2.028559e+01
 9.732744e+01	 2.021767e+01
 1.000000e+02	 2.014183e+01
 1.027459e+02	 2.005835e+01
 1.055673e+02	 1.996746e+01
 1.084661e+02	 1.986942e+01
 1.114445e+02	 1.976448e+01
 1.145048e+02	 1.965290e+01
 1.176490e+02	 1.953493e+01
 1.208796e+02	 1.941084e+01
 1.241989e+02	 1.928086e+01
 1.276093e+02	 1.914526e+01
 1.311134e+02	 1.900428e+01
 1.347137e+02	 1.885818e+01
 1.384129e+02	 1.870720e+01
 1.422136e+02	 1.855159e+01
 1.461187e+02	 1.839159e+01
 1.501311e+02	 1.822745e+01
 1.542536e+02	 1.805940e+01
 1.584893e+02	 1.788767e+01
 1.628414e+02	 1.771249e+01
 1.673129e+02	 1.753409e+01
 1.719072e+02	 1.735270e+01
 1.766277e+02	 1.716852e+01
 1.814778e+02	 1.698178e+01
 1.864611e+02	 1.679269e+01
 1.915812e+02	 1.660144e+01
 1.968419e+02	 1.640824e+01
 2.022471e+02	 1.621328e+01
 2.078007e+02	 1.601676e+01
 2.135068e+02	 1.581885e+01
 2.193696e+02	 1.561974e+01
 2.253934e+02	 1.541961e+01
 2.315826e+02	 1.521862e+01
 2.379417e+02	 1.501694e+01
 2.444755e+02	 1.481472e+01
 2.511886e+02	 1.461212e+01
 2.580862e+02	 1.440929e+01
 2.651731e+02	 1.420637e+01
 2.724546e+02	 1.400350e+01
 2.799360e+02	 1.380081e+01
 2.876229e+02	 1.359844e+01
 2.955209e+02	 1.339649e+01
 3.036358e+02	 1.319510e+01
 3.119735e+02	 1.299437e+01
 3.205401e+02	 1.279440e+01
 3.293420e+02	 1.259531e+01
 3.383855e+02	 1.239719e+01
 3.476774e+02	 1.220014e+01
 3.572245e+02	 1.200423e+01
 3.670336e+02	 1.180956e+01
 3.771122e+02	 1.161620e+01
 3.874675e+02	 1.142423e+01
 3.981072e+02	 1.123372e+01
 4.090390e+02	 1.104474e+01
 4.202710e+02	 1.085735e+01
 4.318114e+02	 1.067175e+01
 4.436687e+02	 1.048792e+01
 4.558516e+02	 1.030586e+01
 4.683691e+02	 1.012560e+01
 4.812303e+02	 9.947200e+00
 4.944446e+02	 9.770686e+00
 5.080218e+02	 9.596097e+00
 5.219718e+02	 9.423466e+00
 5.363049e+02	 9.252822e+00
 5.510316e+02	 9.084193e+00
 5.661626e+02	 8.917602e+00
 5.817091e+02	 8.753070e+00
 5.976826e+02	 8.590616e+00
 6.140946e+02	 8.430256e+00
 6.309573e+02	 8.272003e+00
 6.482831e+02	 8.115871e+00
 6.660846e+02	 7.961866e+00
 6.843750e+02	 7.809998e+00
 7.031676e+02	 7.660270e+00
 7.224762e+02	 7.512686e+00
 7.423150e+02	 7.367247e+00
 7.626986e+02	 7.223953e+00
 7.836419e+02	 7.082802e+00
 8.051603e+02	 6.943790e+00
 8.272696e+02	 6.806912e+00
 8.499860e+02	 6.672162e+00
 8.733262e+02	 6.539530e+00
 8.973072e+02	 6.409009e+00
 9.219468e+02	 6.280587e+00
 9.472630e+02	 6.154252e+00
 9.732744e+02	 6.029993e+00
 1.000000e+03	 5.907796e+00
 1.027459e+03	 5.787645e+00
 1.055673e+03	 5.669526e+00
 1.084661e+03	 5.553422e+00
 1.114445e+03	 5.439315e+00
 1.145048e+03	 5.327188e+00
 1.176490e+03	 5.217023e+00
 1.208796e+03	 5.108801e+00
 1.241989e+03	 5.002500e+00
 1.276093e+03	 4.898103e+00
 1.311134e+03	 4.795587e+00
 1.347137e+03	 4.694932e+00
 1.384129e+03	 4.596116e+00
 1.422136e+03	 4.499118e+00
 1.461187e+03	 4.403915e+00
 1.501311e+03	 4.310485e+00
 1.542536e+03	 4.218805e+00
 1.584893e+03	 4.128853e+00
 1.628414e+03	 4.040605e+00
 1.673129e+03	 3.954039e+00
 1.719072e+03	 3.869130e+00
 1.766277e+03	 3.785856e+00
 1.814778e+03	 3.704193e+00
 1.864611e+03	 3.624118e+00
 1.915812e+03	 3.545608e+00
 1.968419e+03	 3.468637e+00
 2.022471e+03	 3.393185e+00
 2.078007e+03	 3.319226e+00
 2.135068e+03	 3.246737e+00
 2.193696e+03	 3.175696e+00
 2.253934e+03	 3.106079e+00
 2.315826e+03	 3.037863e+00
 2.379417e+03	 2.971024e+00
 2.444755e+03	 2.905541e+00
 2.511886e+03	 2.841391e+00
 2.580862e+03	 2.778551e+00
 2.651731e+03	 2.716998e+00
 2.724546e+03	 2.656711e+00
 2.799360e+03	 2.597668e+00
 2.876229e+03	 2.539846e+00
 2.955209e+03	 2.483225e+00
 3.036358e+03	 2.427783e+00
 3.119735e+03	 2.373498e+00
 3.205401e+03	 2.320351e+00
 3.293420e+03	 2.268319e+00
 3.383855e+03	 2.217384e+00
 3.476774e+03	 2.167525e+00
 3.572245e+03	 2.118721e+00
 3.670336e+03	 2.070953e+00
 3.771122e+03	 2.024202e+00
 3.874675e+03	 1.978448e+00
 3.981072e+03	 1.933673e+00
 4.090390e+03	 1.889857e+00
 4.202710e+03	 1.846983e+00
 4.318114e+03	 1.805032e+00
 4.436687e+03	 1.763987e+00
 4.558516e+03	 1.723829e+00
 4.683691e+03	 1.684541e+00
 4.812303e+03	 1.646107e+00
 4.944446e+03	 1.608509e+00
 5.080218e+03	 1.571731e+00
 5.219718e+03	 1.535757e+00
 5.363049e+03	 1.500569e+00
 5.510316e+03	 1.466154e+00
 5.661626e+03	 1.432494e+00
 5.817091e+03	 1.399575e+00
 5.976826e+03	 1.367382e+00
 6.140946e+03	 1.335900e+00
 6.309573e+03	 1.305114e+00
 6.482831e+03	 1.275010e+00
 6.660846e+03	 1.245574e+00
 6.843750e+03	 1.216793e+00
 7.031676e+03	 1.188652e+00
 7.224762e+03	 1.161138e+00
 7.423150e+03	 1.134239e+00
 7.626986e+03	 1.107941e+00
 7.836419e+03	 1.082232e+00
 8.051603e+03	 1.057099e+00
 8.272696e+03	 1.032531e+00
 8.499860e+03	 1.008515e+00
 8.733262e+03	 9.850392e-01
 8.973072e+03	 9.620929e-01
 9.219468e+03	 9.396646e-01
 9.472630e+03	 9.177431e-01
 9.732744e+03	 8.963176e-01
 1.000000e+04	 8.753774e-01
