 1.000000e+01	 0.000000e+00
 1.027459e+01	 0.000000e+00
 1.055673e+01	 0.000000e+00
 1.084661e+01	 0.000000e+00
 1.114445e+01	 0.000000e+00
 1.145048e+01	 0.000000e+00
 1.176490e+01	 0.000000e+00
 1.208796e+01	 0.000000e+00
 1.241989e+01	 9.669257e-02
 1.276093e+01	 2.751245e-01
 1.311134e+01	 4.631340e-01
 1.347137e+01	 6.594554e-01
 1.384129e+01	 8.629184e-01
 1.422136e+01	 1.072441e+00
 1.461187e+01	 1.420859e+00
 1.501311e+01	 1.894968e+00
 1.542536e+01	 2.386096e+00
 1.584893e+01	 2.993105e+00
 1.628414e+01	 3.651941e+00
 1.673129e+01	 4.327446e+00
 1.719072e+01	 5.016546e+00
 1.766277e+01	 5.716408e+00
 1.814778e+01	 6.424415e+00
 1.864611e+01	 7.138155e+00
 1.915812e+01	 7.855404e+00
 1.968419e+01	 8.574113e+00
 2.022471e+01	 9.292393e+00
 2.078007e+01	 1.000851e+01
 2.135068e+01	 1.072086e+01
 2.193696e+01	 1.142799e+01
 2.253934e+01	 1.212853e+01
 2.315826e+01	 1.282126e+01
 2.379417e+01	 1.350504e+01
 2.444755e+01	 1.419305e+01
 2.511886e+01	 1.488447e+01
 2.580862e+01	 1.556555e+01
 2.651731e+01	 1.623530e+01
 2.724546e+01	 1.689836e+01
 2.799360e+01	 1.756661e+01
 2.876229e+01	 1.822231e+01
 2.955209e+01	 1.886458e+01
 3.036358e+01	 1.949263e+01
 3.119735e+01	 2.010590e+01
 3.205401e+01	 2.072192e+01
 3.293420e+01	 2.132281e+01
 3.383855e+01	 2.190792e+01
 3.476774e+01	 2.248229e+01
 3.572245e+01	 2.306373e+01
 3.670336e+01	 2.362937e+01
 3.771122e+01	 2.417859e+01
 3.874675e+01	 2.471080e+01
 3.981072e+01	 2.522550e+01
 4.090390e+01	 2.572225e+01
 4.202710e+01	 2.620068e+01
 4.318114e+01	 2.666044e+01
 4.436687e+01	 2.710128e+01
 4.558516e+01	 2.752296e+01
 4.683691e+01	 2.792531e+01
 4.812303e+01	 2.830818e+01
 4.944446e+01	 2.867150e+01
 5.080218e+01	 2.901518e+01
 5.219718e+01	 2.933923e+01
 5.363049e+01	 2.964365e+01
 5.510316e+01	 2.992849e+01
 5.661626e+01	 3.019382e+01
 5.817091e+01	 3.043975e+01
 5.976826e+01	 3.066640e+01
 6.140946e+01	 3.087395e+01
 6.309573e+01	 3.106255e+01
 6.482831e+01	 3.123243e+01
 6.660846e+01	 3.138379e+01
 6.843750e+01	 3.151689e+01
 7.031676e+01	 3.163198e+01
 7.224762e+01	 3.172933e+01
 7.423150e+01	 3.180925e+01
 7.626986e+01	 3.187205e+01
 7.836419e+01	 3.191803e+01
 8.051603e+01	 3.194754e+01
 8.272696e+01	 3.196093e+01
 8.499860e+01	 3.195854e+01
 8.733262e+01	 3.194074e+01
 8.973072e+01	 3.190792e+01
 9.219468e+01	 3.186044e+01
 9.472630e+01	 3.179870e+01
 9.732744e+01	 3.172310e+01
 1.000000e+02	 3.163403e+01
 1.027459e+02	 3.153189e+01
 1.055673e+02	 3.141710e+01
 1.084661e+02	 3.129007e+01
 1.114445e+02	 3.115120e+01
 1.145048e+02	 3.100092e+01
 1.176490e+02	 3.083963e+01
 1.208796e+02	 3.066775e+01
 1.241989e+02	 3.048570e+01
 1.276093e+02	 3.029389e+01
 1.311134e+02	 3.009272e+01
 1.347137e+02	 2.988262e+01
 1.384129e+02	 2.966397e+01
 1.422136e+02	 2.943720e+01
 1.461187e+02	 2.920268e+01
 1.501311e+02	 2.896083e+01
 1.542536e+02	 2.871203e+01
 1.584893e+02	 2.845665e+01
 1.628414e+02	 2.819510e+01
 1.673129e+02	 2.792772e+01
 1.719072e+02	 2.765490e+01
 1.766277e+02	 2.737699e+01
 1.814778e+02	 2.709434e+01
 1.864611e+02	 2.680731e+01
 1.915812e+02	 2.651623e+01
 1.968419e+02	 2.622143e+01
 2.022471e+02	 2.592324e+01
 2.078007e+02	 2.562197e+01
 2.135068e+02	 2.531794e+01
 2.193696e+02	 2.501143e+01
 2.253934e+02	 2.470275e+01
 2.315826e+02	 2.439218e+01
 2.379417e+02	 2.407999e+01
 2.444755e+02	 2.376645e+01
 2.511886e+02	 2.345181e+01
 2.580862e+02	 2.313633e+01
 2.651731e+02	 2.282026e+01
 2.724546e+02	 2.250381e+01
 2.799360e+02	 2.218722e+01
 2.876229e+02	 2.187070e+01
 2.955209e+02	 2.155447e+01
 3.036358e+02	 2.123872e+01
 3.119735e+02	 2.092393e+01
 3.205401e+02	 2.061052e+01
 3.293420e+02	 2.029818e+01
 3.383855e+02	 1.998708e+01
 3.476774e+02	 1.967736e+01
 3.572245e+02	 1.936919e+01
 3.670336e+02	 1.906268e+01
 3.771122e+02	 1.875799e+01
 3.874675e+02	 1.845524e+01
 3.981072e+02	 1.815453e+01
 4.090390e+02	 1.785600e+01
 4.202710e+02	 1.755975e+01
 4.318114e+02	 1.726597e+01
 4.436687e+02	 1.697478e+01
 4.558516e+02	 1.668616e+01
 4.683691e+02	 1.640019e+01
 4.812303e+02	 1.611694e+01
 4.944446e+02	 1.583650e+01
 5.080218e+02	 1.555891e+01
 5.219718e+02	 1.528425e+01
 5.363049e+02	 1.501257e+01
 5.510316e+02	 1.474391e+01
 5.661626e+02	 1.447832e+01
 5.817091e+02	 1.421586e+01
 5.976826e+02	 1.395654e+01
 6.140946e+02	 1.370040e+01
 6.309573e+02	 1.344749e+01
 6.482831e+02	 1.319780e+01
 6.660846e+02	 1.295138e+01
 6.843750e+02	 1.270824e+01
 7.031676e+02	 1.246839e+01
 7.224762e+02	 1.223184e+01
 7.423150e+02	 1.199860e+01
 7.626986e+02	 1.176868e+01
 7.836419e+02	 1.154208e+01
 8.051603e+02	 1.131880e+01
 8.272696e+02	 1.109883e+01
 8.499860e+02	 1.088217e+01
 8.733262e+02	 1.066881e+01
 8.973072e+02	 1.045875e+01
 9.219468e+02	 1.025196e+01
 9.472630e+02	 1.004844e+01
 9.732744e+02	 9.848173e+00
 1.000000e+03	 9.651136e+00
 1.027459e+03	 9.457312e+00
 1.055673e+03	 9.266680e+00
 1.084661e+03	 9.079217e+00
 1.114445e+03	 8.894900e+00
 1.145048e+03	 8.713705e+00
 1.176490e+03	 8.535604e+00
 1.208796e+03	 8.360571e+00
 1.241989e+03	 8.188577e+00
 1.276093e+03	 8.019593e+00
 1.311134e+03	 7.853589e+00
 1.347137e+03	 7.690534e+00
 1.384129e+03	 7.530396e+00
 1.422136e+03	 7.373144e+00
 1.461187e+03	 7.218744e+00
 1.501311e+03	 7.067163e+00
 1.542536e+03	 6.918367e+00
 1.584893e+03	 6.772322e+00
 1.628414e+03	 6.628992e+00
 1.673129e+03	 6.488344e+00
 1.719072e+03	 6.350341e+00
 1.766277e+03	 6.214948e+00
 1.814778e+03	 6.082130e+00
 1.864611e+03	 5.951850e+00
 1.915812e+03	 5.824073e+00
 1.968419e+03	 5.698763e+00
 2.022471e+03	 5.575883e+00
 2.078007e+03	 5.455398e+00
 2.135068e+03	 5.337271e+00
 2.193696e+03	 5.221466e+00
 2.253934e+03	 5.107948e+00
 2.315826e+03	 4.996681e+00
 2.379417e+03	 4.887629e+00
 2.444755e+03	 4.780756e+00
 2.511886e+03	 4.676028e+00
 2.580862e+03	 4.573410e+00
 2.651731e+03	 4.472865e+00
 2.724546e+03	 4.374360e+00
 2.799360e+03	 4.277861e+00
 2.876229e+03	 4.183333e+00
 2.955209e+03	 4.090742e+00
 3.036358e+03	 4.000056e+00
 3.119735e+03	 3.911240e+00
 3.205401e+03	 3.824261e+00
 3.293420e+03	 3.739088e+00
 3.383855e+03	 3.655688e+00
 3.476774e+03	 3.574029e+00
 3.572245e+03	 3.494079e+00
 3.670336e+03	 3.415808e+00
 3.771122e+03	 3.339184e+00
 3.874675e+03	 3.264177e+00
 3.981072e+03	 3.190758e+00
 4.090390e+03	 3.118896e+00
 4.202710e+03	 3.048562e+00
 4.318114e+03	 2.979727e+00
 4.436687e+03	 2.912363e+00
 4.558516e+03	 2.846442e+00
 4.683691e+03	 2.781936e+00
 4.812303e+03	 2.718817e+00
 4.944446e+03	 2.657059e+00
 5.080218e+03	 2.596636e+00
 5.219718e+03	 2.537520e+00
 5.363049e+03	 2.479687e+00
 5.510316e+03	 2.423111e+00
 5.661626e+03	 2.367767e+00
 5.817091e+03	 2.313631e+00
 5.976826e+03	 2.260678e+00
 6.140946e+03	 2.208885e+00
 6.309573e+03	 2.158228e+00
 6.482831e+03	 2.108684e+00
 6.660846e+03	 2.060232e+00
 6.843750e+03	 2.012848e+00
 7.031676e+03	 1.966510e+00
 7.224762e+03	 1.921198e+00
 7.423150e+03	 1.876891e+00
 7.626986e+03	 1.833566e+00
 7.836419e+03	 1.791205e+00
 8.051603e+03	 1.749787e+00
 8.272696e+03	 1.709293e+00
 8.499860e+03	 1.669702e+00
 8.733262e+03	 1.630997e+00
 8.973072e+03	 1.593159e+00
 9.219468e+03	 1.556169e+00
 9.472630e+03	 1.520009e+00
 9.732744e+03	 1.484663e+00
 1.000000e+04	 1.450112e+00
