 1.000000e+01	 0.000000e+00
 1.027459e+01	 0.000000e+00
 1.055673e+01	 0.000000e+00
 1.084661e+01	 0.000000e+00
 1.114445e+01	 0.000000e+00
 1.145048e+01	 1.107354e-01
 1.176490e+01	 3.158081e-01
 1.208796e+01	 5.319458e-01
 1.241989e+01	 7.576992e-01
 1.276093e+01	 9.917274e-01
 1.311134e+01	 1.232791e+00
 1.347137e+01	 1.587999e+00
 1.384129e+01	 2.005530e+00
 1.422136e+01	 2.478770e+00
 1.461187e+01	 3.065461e+00
 1.501311e+01	 3.780828e+00
 1.542536e+01	 4.631860e+00
 1.584893e+01	 5.535885e+00
 1.628414e+01	 6.460895e+00
 1.673129e+01	 7.402825e+00
 1.719072e+01	 8.357920e+00
 1.766277e+01	 9.322719e+00
 1.814778e+01	 1.029403e+01
 1.864611e+01	 1.126891e+01
 1.915812e+01	 1.224465e+01
 1.968419e+01	 1.321876e+01
 2.022471e+01	 1.418893e+01
 2.078007e+01	 1.515307e+01
 2.135068e+01	 1.610923e+01
 2.193696e+01	 1.705564e+01
 2.253934e+01	 1.799065e+01
 2.315826e+01	 1.892118e+01
 2.379417e+01	 1.985960e+01
 2.444755e+01	 2.078417e+01
 2.511886e+01	 2.169921e+01
 2.580862e+01	 2.261880e+01
 2.651731e+01	 2.352224e+01
 2.724546e+01	 2.441556e+01
 2.799360e+01	 2.530722e+01
 2.876229e+01	 2.618062e+01
 2.955209e+01	 2.703464e+01
 3.036358e+01	 2.787410e+01
 3.119735e+01	 2.870640e+01
 3.205401e+01	 2.952381e+01
 3.293420e+01	 3.033175e+01
 3.383855e+01	 3.111794e+01
 3.476774e+01	 3.189613e+01
 3.572245e+01	 3.266701e+01
 3.670336e+01	 3.341543e+01
 3.771122e+01	 3.414061e+01
 3.874675e+01	 3.484182e+01
 3.981072e+01	 3.551844e+01
 4.090390e+01	 3.616995e+01
 4.202710e+01	 3.679587e+01
 4.318114e+01	 3.739583e+01
 4.436687e+01	 3.796950e+01
 4.558516e+01	 3.851664e+01
 4.683691e+01	 3.903705e+01
 4.812303e+01	 3.953061e+01
 4.944446e+01	 3.999722e+01
 5.080218e+01	 4.043687e+01
 5.219718e+01	 4.084958e+01
 5.363049e+01	 4.123540e+01
 5.510316e+01	 4.159444e+01
 5.661626e+01	 4.192685e+01
 5.817091e+01	 4.223282e+01
 5.976826e+01	 4.251255e+01
 6.140946e+01	 4.276630e+01
 6.309573e+01	 4.299436e+01
 6.482831e+01	 4.319703e+01
 6.660846e+01	 4.337464e+01
 6.843750e+01	 4.352757e+01
 7.031676e+01	 4.365620e+01
 7.224762e+01	 4.376093e+01
 7.423150e+01	 4.384220e+01
 7.626986e+01	 4.390044e+01
 7.836419e+01	 4.393613e+01
 8.051603e+01	 4.394974e+01
 8.272696e+01	 4.394176e+01
 8.499860e+01	 4.391271e+01
 8.733262e+01	 4.386310e+01
 8.973072e+01	 4.379345e+01
 9.219468e+01	 4.370431e+01
 9.472630e+01	 4.359622e+01
 9.732744e+01	 4.346973e+01
 1.000000e+02	 4.332540e+01
 1.027459e+02	 4.316379e+01
 1.055673e+02	 4.298548e+01
 1.084661e+02	 4.279102e+01
 1.114445e+02	 4.258099e+01
 1.145048e+02	 4.235596e+01
 1.176490e+02	 4.211649e+01
 1.208796e+02	 4.186317e+01
 1.241989e+02	 4.159655e+01
 1.276093e+02	 4.131721e+01
 1.311134e+02	 4.102569e+01
 1.347137e+02	 4.072257e+01
 1.384129e+02	 4.040840e+01
 1.422136e+02	 4.008371e+01
 1.461187e+02	 3.974905e+01
 1.501311e+02	 3.940496e+01
 1.542536e+02	 3.905196e+01
 1.584893e+02	 3.869057e+01
 1.628414e+02	 3.832131e+01
 1.673129e+02	 3.794467e+01
 1.719072e+02	 3.756114e+01
 1.766277e+02	 3.717122e+01
 1.814778e+02	 3.677538e+01
 1.864611e+02	 3.637407e+01
 1.915812e+02	 3.596776e+01
 1.968419e+02	 3.555688e+01
 2.022471e+02	 3.514187e+01
 2.078007e+02	 3.472315e+01
 2.135068e+02	 3.430113e+01
 2.193696e+02	 3.387620e+01
 2.253934e+02	 3.344876e+01
 2.315826e+02	 3.301918e+01
 2.379417e+02	 3.258782e+01
 2.444755e+02	 3.215504e+01
 2.511886e+02	 3.172117e+01
 2.580862e+02	 3.128655e+01
 2.651731e+02	 3.085150e+01
 2.724546e+02	 3.041631e+01
 2.799360e+02	 2.998128e+01
 2.876229e+02	 2.954671e+01
 2.955209e+02	 2.911285e+01
 3.036358e+02	 2.867997e+01
 3.119735e+02	 2.824877e+01
 3.205401e+02	 2.781982e+01
 3.293420e+02	 2.739262e+01
 3.383855e+02	 2.696739e+01
 3.476774e+02	 2.654432e+01
 3.572245e+02	 2.612360e+01
 3.670336e+02	 2.570542e+01
 3.771122e+02	 2.528995e+01
 3.874675e+02	 2.487734e+01
 3.981072e+02	 2.446774e+01
 4.090390e+02	 2.406131e+01
 4.202710e+02	 2.365818e+01
 4.318114e+02	 2.325858e+01
 4.436687e+02	 2.286263e+01
 4.558516e+02	 2.247035e+01
 4.683691e+02	 2.208184e+01
 4.812303e+02	 2.169719e+01
 4.944446e+02	 2.131649e+01
 5.080218e+02	 2.093982e+01
 5.219718e+02	 2.056726e+01
 5.363049e+02	 2.019887e+01
 5.510316e+02	 1.983471e+01
 5.661626e+02	 1.947485e+01
 5.817091e+02	 1.911932e+01
 5.976826e+02	 1.876818e+01
 6.140946e+02	 1.842146e+01
 6.309573e+02	 1.807920e+01
 6.482831e+02	 1.774142e+01
 6.660846e+02	 1.740814e+01
 6.843750e+02	 1.707940e+01
 7.031676e+02	 1.675519e+01
 7.224762e+02	 1.643553e+01
 7.423150e+02	 1.612043e+01
 7.626986e+02	 1.580989e+01
 7.836419e+02	 1.550390e+01
 8.051603e+02	 1.520247e+01
 8.272696e+02	 1.490559e+01
 8.499860e+02	 1.461323e+01
 8.733262e+02	 1.432540e+01
 8.973072e+02	 1.404207e+01
 9.219468e+02	 1.376322e+01
 9.472630e+02	 1.348883e+01
 9.732744e+02	 1.321887e+01
 1.000000e+03	 1.295332e+01
 1.027459e+03	 1.269215e+01
 1.055673e+03	 1.243533e+01
 1.084661e+03	 1.218283e+01
 1.114445e+03	 1.193460e+01
 1.145048e+03	 1.169062e+01
 1.176490e+03	 1.145085e+01
 1.208796e+03	 1.121524e+01
 1.241989e+03	 1.098376e+01
 1.276093e+03	 1.075636e+01
 1.311134e+03	 1.053301e+01
 1.347137e+03	 1.031366e+01
 1.384129e+03	 1.009826e+01
 1.422136e+03	 9.886775e+00
 1.461187e+03	 9.679150e+00
 1.501311e+03	 9.475343e+00
 1.542536e+03	 9.275306e+00
 1.584893e+03	 9.078991e+00
 1.628414e+03	 8.886349e+00
 1.673129e+03	 8.697333e+00
 1.719072e+03	 8.511894e+00
 1.766277e+03	 8.329982e+00
 1.814778e+03	 8.151548e+00
 1.864611e+03	 7.976544e+00
 1.915812e+03	 7.804919e+00
 1.968419e+03	 7.636623e+00
 2.022471e+03	 7.471608e+00
 2.078007e+03	 7.309824e+00
 2.135068e+03	 7.151222e+00
 2.193696e+03	 6.995752e+00
 2.253934e+03	 6.843365e+00
 2.315826e+03	 6.694013e+00
 2.379417e+03	 6.547647e+00
 2.444755e+03	 6.404217e+00
 2.511886e+03	 6.263677e+00
 2.580862e+03	 6.125978e+00
 2.651731e+03	 5.991073e+00
 2.724546e+03	 5.858915e+00
 2.799360e+03	 5.729457e+00
 2.876229e+03	 5.602652e+00
 2.955209e+03	 5.478455e+00
 3.036358e+03	 5.356820e+00
 3.119735e+03	 5.237701e+00
 3.205401e+03	 5.121056e+00
 3.293420e+03	 5.006838e+00
 3.383855e+03	 4.895005e+00
 3.476774e+03	 4.785513e+00
 3.572245e+03	 4.678319e+00
 3.670336e+03	 4.573382e+00
 3.771122e+03	 4.470660e+00
 3.874675e+03	 4.370111e+00
 3.981072e+03	 4.271695e+00
 4.090390e+03	 4.175372e+00
 4.202710e+03	 4.081102e+00
 4.318114e+03	 3.988846e+00
 4.436687e+03	 3.898566e+00
 4.558516e+03	 3.810224e+00
 4.683691e+03	 3.723782e+00
 4.812303e+03	 3.639203e+00
 4.944446e+03	 3.556451e+00
 5.080218e+03	 3.475491e+00
 5.219718e+03	 3.396287e+00
 5.363049e+03	 3.318805e+00
 5.510316e+03	 3.243010e+00
 5.661626e+03	 3.168868e+00
 5.817091e+03	 3.096347e+00
 5.976826e+03	 3.025415e+00
 6.140946e+03	 2.956038e+00
 6.309573e+03	 2.888187e+00
 6.482831e+03	 2.821829e+00
 6.660846e+03	 2.756934e+00
 6.843750e+03	 2.693473e+00
 7.031676e+03	 2.631416e+00
 7.224762e+03	 2.570734e+00
 7.423150e+03	 2.511398e+00
 7.626986e+03	 2.453382e+00
 7.836419e+03	 2.396658e+00
 8.051603e+03	 2.341198e+00
 8.272696e+03	 2.286976e+00
 8.499860e+03	 2.233966e+00
 8.733262e+03	 2.182144e+00
 8.973072e+03	 2.131483e+00
 9.219468e+03	 2.081960e+00
 9.472630e+03	 2.033550e+00
 9.732744e+03	 1.986230e+00
 1.000000e+04	 1.939976e+00
