 1.000000e+01	 0.000000e+00	 0.000000e+00
 1.027459e+01	 0.000000e+00	 0.000000e+00
 1.055673e+01	 0.000000e+00	 0.000000e+00
 1.084661e+01	 0.000000e+00	 0.000000e+00
 1.114445e+01	 0.000000e+00	 0.000000e+00
 1.145048e+01	 0.000000e+00	 0.000000e+00
 1.176490e+01	 0.000000e+00	 0.000000e+00
 1.208796e+01	 0.000000e+00	 0.000000e+00
 1.241989e+01	 0.000000e+00	 0.000000e+00
 1.276093e+01	 0.000000e+00	 0.000000e+00
 1.311134e+01	 0.000000e+00	 0.000000e+00
 1.347137e+01	 4.196234e-02	 0.000000e+00
 1.384129e+01	 1.443602e-01	 0.000000e+00
 1.422136e+01	 2.525071e-01	 0.000000e+00
 1.461187e+01	 3.656723e-01	 0.000000e+00
 1.501311e+01	 4.831797e-01	 0.000000e+00
 1.542536e+01	 6.225369e-01	 2.593172e-02
 1.584893e+01	 7.771039e-01	 1.047069e-01
 1.628414e+01	 9.358635e-01	 1.929055e-01
 1.673129e+01	 1.098108e+00	 2.852533e-01
 1.719072e+01	 1.263182e+00	 3.811785e-01
 1.766277e+01	 1.430482e+00	 4.801524e-01
 1.814778e+01	 1.599448e+00	 5.816863e-01
 1.864611e+01	 1.769565e+00	 6.853287e-01
 1.915812e+01	 1.940357e+00	 7.906626e-01
 1.968419e+01	 2.111383e+00	 8.973027e-01
 2.022471e+01	 2.282239e+00	 1.004893e+00
 2.078007e+01	 2.452548e+00	 1.124660e+00
 2.135068e+01	 2.621968e+00	 1.252751e+00
 2.193696e+01	 2.790178e+00	 1.381873e+00
 2.253934e+01	 2.956887e+00	 1.511626e+00
 2.315826e+01	 3.121824e+00	 1.641642e+00
 2.379417e+01	 3.284740e+00	 1.771581e+00
 2.444755e+01	 3.445409e+00	 1.901130e+00
 2.511886e+01	 3.603619e+00	 2.030002e+00
 2.580862e+01	 3.770753e+00	 2.157931e+00
 2.651731e+01	 3.937280e+00	 2.284674e+00
 2.724546e+01	 4.101470e+00	 2.410007e+00
 2.799360e+01	 4.263076e+00	 2.533726e+00
 2.876229e+01	 4.421874e+00	 2.655642e+00
 2.955209e+01	 4.577658e+00	 2.775583e+00
 3.036358e+01	 4.730240e+00	 2.893392e+00
 3.119735e+01	 4.879450e+00	 3.008926e+00
 3.205401e+01	 5.025549e+00	 3.122054e+00
 3.293420e+01	 5.175905e+00	 3.232658e+00
 3.383855e+01	 5.322931e+00	 3.340629e+00
 3.476774e+01	 5.466446e+00	 3.445872e+00
 3.572245e+01	 5.606287e+00	 3.548299e+00
 3.670336e+01	 5.742307e+00	 3.647831e+00
 3.771122e+01	 5.874373e+00	 3.744401e+00
 3.874675e+01	 6.002368e+00	 3.837946e+00
 3.981072e+01	 6.126188e+00	 3.928412e+00
 4.090390e+01	 6.245741e+00	 4.015754e+00
 4.202710e+01	 6.360947e+00	 4.099932e+00
 4.318114e+01	 6.471738e+00	 4.180911e+00
 4.436687e+01	 6.578055e+00	 4.258666e+00
 4.558516e+01	 6.679850e+00	 4.333173e+00
 4.683691e+01	 6.777085e+00	 4.404418e+00
 4.812303e+01	 6.869730e+00	 4.472389e+00
 4.944446e+01	 6.957763e+00	 4.537079e+00
 5.080218e+01	 7.041171e+00	 4.598489e+00
 5.219718e+01	 7.119949e+00	 4.656621e+00
 5.363049e+01	 7.194098e+00	 4.711481e+00
 5.510316e+01	 7.263626e+00	 4.763083e+00
 5.661626e+01	 7.328548e+00	 4.811440e+00
 5.817091e+01	 7.388886e+00	 4.856572e+00
 5.976826e+01	 7.444665e+00	 4.898502e+00
 6.140946e+01	 7.495920e+00	 4.937255e+00
 6.309573e+01	 7.542686e+00	 4.972861e+00
 6.482831e+01	 7.585007e+00	 5.005351e+00
 6.660846e+01	 7.622931e+00	 5.034762e+00
 6.843750e+01	 7.656509e+00	 5.061131e+00
 7.031676e+01	 7.685798e+00	 5.084499e+00
 7.224762e+01	 7.710857e+00	 5.104908e+00
 7.423150e+01	 7.731751e+00	 5.122405e+00
 7.626986e+01	 7.748547e+00	 5.137037e+00
 7.836419e+01	 7.761316e+00	 5.148854e+00
 8.051603e+01	 7.770132e+00	 5.158214e+00
 8.272696e+01	 7.775072e+00	 5.166517e+00
 8.499860e+01	 7.776214e+00	 5.172259e+00
 8.733262e+01	 7.773642e+00	 5.175482e+00
 8.973072e+01	 7.767439e+00	 5.176227e+00
 9.219468e+01	 7.757691e+00	 5.174543e+00
 9.472630e+01	 7.744487e+00	 5.170477e+00
 9.732744e+01	 7.727917e+00	 5.164080e+00
 1.000000e+02	 7.708071e+00	 5.155405e+00
 1.027459e+02	 7.685043e+00	 5.144507e+00
 1.055673e+02	 7.658927e+00	 5.131442e+00
 1.084661e+02	 7.629817e+00	 5.116268e+00
 1.114445e+02	 7.597809e+00	 5.099044e+00
 1.145048e+02	 7.562998e+00	 5.079830e+00
 1.176490e+02	 7.525483e+00	 5.058688e+00
 1.208796e+02	 7.485359e+00	 5.035679e+00
 1.241989e+02	 7.442724e+00	 5.010866e+00
 1.276093e+02	 7.397675e+00	 4.984313e+00
 1.311134e+02	 7.350309e+00	 4.956082e+00
 1.347137e+02	 7.300723e+00	 4.926238e+00
 1.384129e+02	 7.249012e+00	 4.894845e+00
 1.422136e+02	 7.195274e+00	 4.861966e+00
 1.461187e+02	 7.139602e+00	 4.827665e+00
 1.501311e+02	 7.082091e+00	 4.792006e+00
 1.542536e+02	 7.022834e+00	 4.755052e+00
 1.584893e+02	 6.961925e+00	 4.716865e+00
 1.628414e+02	 6.899453e+00	 4.677509e+00
 1.673129e+02	 6.835509e+00	 4.637044e+00
 1.719072e+02	 6.770182e+00	 4.595533e+00
 1.766277e+02	 6.703559e+00	 4.553034e+00
 1.814778e+02	 6.635726e+00	 4.509607e+00
 1.864611e+02	 6.566767e+00	 4.465646e+00
 1.915812e+02	 6.496764e+00	 4.420974e+00
 1.968419e+02	 6.425800e+00	 4.375564e+00
 2.022471e+02	 6.353953e+00	 4.329468e+00
 2.078007e+02	 6.281301e+00	 4.282737e+00
 2.135068e+02	 6.207920e+00	 4.235421e+00
 2.193696e+02	 6.133883e+00	 4.187570e+00
 2.253934e+02	 6.059262e+00	 4.139232e+00
 2.315826e+02	 5.984128e+00	 4.090454e+00
 2.379417e+02	 5.908548e+00	 4.041284e+00
 2.444755e+02	 5.832588e+00	 3.991765e+00
 2.511886e+02	 5.756314e+00	 3.941943e+00
 2.580862e+02	 5.679786e+00	 3.891860e+00
 2.651731e+02	 5.603065e+00	 3.841557e+00
 2.724546e+02	 5.526210e+00	 3.791077e+00
 2.799360e+02	 5.449275e+00	 3.740456e+00
 2.876229e+02	 5.372316e+00	 3.689734e+00
 2.955209e+02	 5.295384e+00	 3.638948e+00
 3.036358e+02	 5.218530e+00	 3.588132e+00
 3.119735e+02	 5.141801e+00	 3.537322e+00
 3.205401e+02	 5.065245e+00	 3.486550e+00
 3.293420e+02	 4.988904e+00	 3.435848e+00
 3.383855e+02	 4.912822e+00	 3.385246e+00
 3.476774e+02	 4.837039e+00	 3.334774e+00
 3.572245e+02	 4.761594e+00	 3.284460e+00
 3.670336e+02	 4.686523e+00	 3.234330e+00
 3.771122e+02	 4.611862e+00	 3.184411e+00
 3.874675e+02	 4.537643e+00	 3.134727e+00
 3.981072e+02	 4.463898e+00	 3.085300e+00
 4.090390e+02	 4.390658e+00	 3.036154e+00
 4.202710e+02	 4.317949e+00	 2.987309e+00
 4.318114e+02	 4.245863e+00	 2.938785e+00
 4.436687e+02	 4.174406e+00	 2.890601e+00
 4.558516e+02	 4.103561e+00	 2.842775e+00
 4.683691e+02	 4.033350e+00	 2.795324e+00
 4.812303e+02	 3.963791e+00	 2.748263e+00
 4.944446e+02	 3.894905e+00	 2.701607e+00
 5.080218e+02	 3.826706e+00	 2.655370e+00
 5.219718e+02	 3.759212e+00	 2.609565e+00
 5.363049e+02	 3.692437e+00	 2.564204e+00
 5.510316e+02	 3.626394e+00	 2.519298e+00
 5.661626e+02	 3.561096e+00	 2.474857e+00
 5.817091e+02	 3.496552e+00	 2.430891e+00
 5.976826e+02	 3.432774e+00	 2.387408e+00
 6.140946e+02	 3.369770e+00	 2.344416e+00
 6.309573e+02	 3.307548e+00	 2.301922e+00
 6.482831e+02	 3.246114e+00	 2.259934e+00
 6.660846e+02	 3.185475e+00	 2.218456e+00
 6.843750e+02	 3.125637e+00	 2.177493e+00
 7.031676e+02	 3.066602e+00	 2.137050e+00
 7.224762e+02	 3.008374e+00	 2.097131e+00
 7.423150e+02	 2.950957e+00	 2.057739e+00
 7.626986e+02	 2.894351e+00	 2.018877e+00
 7.836419e+02	 2.838557e+00	 1.980546e+00
 8.051603e+02	 2.783577e+00	 1.942749e+00
 8.272696e+02	 2.729410e+00	 1.905487e+00
 8.499860e+02	 2.676054e+00	 1.868759e+00
 8.733262e+02	 2.623509e+00	 1.832567e+00
 8.973072e+02	 2.571772e+00	 1.796909e+00
 9.219468e+02	 2.520841e+00	 1.761786e+00
 9.472630e+02	 2.470713e+00	 1.727197e+00
 9.732744e+02	 2.421383e+00	 1.693139e+00
 1.000000e+03	 2.372848e+00	 1.659612e+00
 1.027459e+03	 2.325104e+00	 1.626612e+00
 1.055673e+03	 2.278145e+00	 1.594138e+00
 1.084661e+03	 2.231966e+00	 1.562188e+00
 1.114445e+03	 2.186562e+00	 1.530757e+00
 1.145048e+03	 2.141927e+00	 1.499843e+00
 1.176490e+03	 2.098054e+00	 1.469442e+00
 1.208796e+03	 2.054937e+00	 1.439551e+00
 1.241989e+03	 2.012569e+00	 1.410166e+00
 1.276093e+03	 1.970943e+00	 1.381282e+00
 1.311134e+03	 1.930051e+00	 1.352895e+00
 1.347137e+03	 1.889887e+00	 1.325001e+00
 1.384129e+03	 1.850442e+00	 1.297595e+00
 1.422136e+03	 1.811709e+00	 1.270673e+00
 1.461187e+03	 1.773679e+00	 1.244229e+00
 1.501311e+03	 1.736345e+00	 1.218259e+00
 1.542536e+03	 1.699699e+00	 1.192756e+00
 1.584893e+03	 1.663730e+00	 1.167717e+00
 1.628414e+03	 1.628432e+00	 1.143135e+00
 1.673129e+03	 1.593796e+00	 1.119005e+00
 1.719072e+03	 1.559813e+00	 1.095322e+00
 1.766277e+03	 1.526474e+00	 1.072080e+00
 1.814778e+03	 1.493770e+00	 1.049274e+00
 1.864611e+03	 1.461694e+00	 1.026897e+00
 1.915812e+03	 1.430234e+00	 1.004944e+00
 1.968419e+03	 1.399384e+00	 9.834100e-01
 2.022471e+03	 1.369134e+00	 9.622880e-01
 2.078007e+03	 1.339475e+00	 9.415726e-01
 2.135068e+03	 1.310398e+00	 9.212580e-01
 2.193696e+03	 1.281894e+00	 9.013385e-01
 2.253934e+03	 1.253955e+00	 8.818080e-01
 2.315826e+03	 1.226572e+00	 8.626609e-01
 2.379417e+03	 1.199735e+00	 8.438912e-01
 2.444755e+03	 1.173437e+00	 8.254932e-01
 2.511886e+03	 1.147667e+00	 8.074610e-01
 2.580862e+03	 1.122419e+00	 7.897889e-01
 2.651731e+03	 1.097682e+00	 7.724711e-01
 2.724546e+03	 1.073449e+00	 7.555018e-01
 2.799360e+03	 1.049711e+00	 7.388754e-01
 2.876229e+03	 1.026459e+00	 7.225861e-01
 2.955209e+03	 1.003685e+00	 7.066284e-01
 3.036358e+03	 9.813810e-01	 6.909966e-01
 3.119735e+03	 9.595386e-01	 6.756853e-01
 3.205401e+03	 9.381497e-01	 6.606888e-01
 3.293420e+03	 9.172061e-01	 6.460018e-01
 3.383855e+03	 8.966998e-01	 6.316187e-01
 3.476774e+03	 8.766231e-01	 6.175344e-01
 3.572245e+03	 8.569680e-01	 6.037433e-01
 3.670336e+03	 8.377269e-01	 5.902404e-01
 3.771122e+03	 8.188920e-01	 5.770204e-01
 3.874675e+03	 8.004560e-01	 5.640781e-01
 3.981072e+03	 7.824113e-01	 5.514086e-01
 4.090390e+03	 7.647506e-01	 5.390066e-01
 4.202710e+03	 7.474667e-01	 5.268674e-01
 4.318114e+03	 7.305524e-01	 5.149860e-01
 4.436687e+03	 7.140006e-01	 5.033576e-01
 4.558516e+03	 6.978044e-01	 4.919773e-01
 4.683691e+03	 6.819569e-01	 4.808405e-01
 4.812303e+03	 6.664513e-01	 4.699425e-01
 4.944446e+03	 6.512811e-01	 4.592788e-01
 5.080218e+03	 6.364396e-01	 4.488448e-01
 5.219718e+03	 6.219204e-01	 4.386361e-01
 5.363049e+03	 6.077171e-01	 4.286483e-01
 5.510316e+03	 5.938235e-01	 4.188770e-01
 5.661626e+03	 5.802333e-01	 4.093180e-01
 5.817091e+03	 5.669406e-01	 3.999672e-01
 5.976826e+03	 5.539393e-01	 3.908203e-01
 6.140946e+03	 5.412235e-01	 3.818733e-01
 6.309573e+03	 5.287876e-01	 3.731223e-01
 6.482831e+03	 5.166257e-01	 3.645632e-01
 6.660846e+03	 5.047324e-01	 3.561922e-01
 6.843750e+03	 4.931021e-01	 3.480055e-01
 7.031676e+03	 4.817294e-01	 3.399994e-01
 7.224762e+03	 4.706091e-01	 3.321702e-01
 7.423150e+03	 4.597359e-01	 3.245142e-01
 7.626986e+03	 4.491046e-01	 3.170279e-01
 7.836419e+03	 4.387104e-01	 3.097078e-01
 8.051603e+03	 4.285481e-01	 3.025504e-01
 8.272696e+03	 4.186131e-01	 2.955525e-01
 8.499860e+03	 4.089004e-01	 2.887106e-01
 8.733262e+03	 3.994055e-01	 2.820215e-01
 8.973072e+03	 3.901238e-01	 2.754820e-01
 9.219468e+03	 3.810506e-01	 2.690891e-01
 9.472630e+03	 3.721818e-01	 2.628395e-01
 9.732744e+03	 3.635128e-01	 2.567303e-01
 1.000000e+04	 3.550394e-01	 2.507585e-01
