 1.000000e+01	 0.000000e+00	 0.000000e+00
 1.027459e+01	 0.000000e+00	 0.000000e+00
 1.055673e+01	 0.000000e+00	 0.000000e+00
 1.084661e+01	 0.000000e+00	 0.000000e+00
 1.114445e+01	 0.000000e+00	 0.000000e+00
 1.145048e+01	 0.000000e+00	 0.000000e+00
 1.176490e+01	 1.249491e-02	 0.000000e+00
 1.208796e+01	 4.198044e-02	 0.000000e+00
 1.241989e+01	 7.322144e-02	 0.000000e+00
 1.276093e+01	 1.060196e-01	 0.000000e+00
 1.311134e+01	 1.401911e-01	 0.000000e+00
 1.347137e+01	 2.000006e-01	 0.000000e+00
 1.384129e+01	 2.677356e-01	 0.000000e+00
 1.422136e+01	 3.916148e-01	 0.000000e+00
 1.461187e+01	 5.392258e-01	 0.000000e+00
 1.501311e+01	 6.928807e-01	 0.000000e+00
 1.542536e+01	 8.517908e-01	 0.000000e+00
 1.584893e+01	 1.015226e+00	 0.000000e+00
 1.628414e+01	 1.182511e+00	 0.000000e+00
 1.673129e+01	 1.353019e+00	 0.000000e+00
 1.719072e+01	 1.526172e+00	 1.577136e-03
 1.766277e+01	 1.701432e+00	 1.911305e-02
 1.814778e+01	 1.878376e+00	 3.772285e-02
 1.864611e+01	 2.076836e+00	 5.727810e-02
 1.915812e+01	 2.277238e+00	 7.765990e-02
 1.968419e+01	 2.492925e+00	 9.875817e-02
 2.022471e+01	 2.711841e+00	 1.204711e-01
 2.078007e+01	 2.944879e+00	 1.427043e-01
 2.135068e+01	 3.198768e+00	 1.653706e-01
 2.193696e+01	 3.456540e+00	 1.883894e-01
 2.253934e+01	 3.728325e+00	 2.116859e-01
 2.315826e+01	 4.010108e+00	 2.351911e-01
 2.379417e+01	 4.298384e+00	 2.693743e-01
 2.444755e+01	 4.591917e+00	 3.062609e-01
 2.511886e+01	 4.891850e+00	 3.438400e-01
 2.580862e+01	 5.191834e+00	 3.819706e-01
 2.651731e+01	 5.491417e+00	 4.221074e-01
 2.724546e+01	 5.798817e+00	 4.716106e-01
 2.799360e+01	 6.104911e+00	 5.392916e-01
 2.876229e+01	 6.409086e+00	 6.105950e-01
 2.955209e+01	 6.710775e+00	 6.833338e-01
 3.036358e+01	 7.009457e+00	 7.572091e-01
 3.119735e+01	 7.304649e+00	 8.319455e-01
 3.205401e+01	 7.595910e+00	 9.072883e-01
 3.293420e+01	 7.882829e+00	 9.830028e-01
 3.383855e+01	 8.165033e+00	 1.058872e+00
 3.476774e+01	 8.442176e+00	 1.134697e+00
 3.572245e+01	 8.713943e+00	 1.210294e+00
 3.670336e+01	 8.980043e+00	 1.285493e+00
 3.771122e+01	 9.240213e+00	 1.360138e+00
 3.874675e+01	 9.494211e+00	 1.434086e+00
 3.981072e+01	 9.742398e+00	 1.507205e+00
 4.090390e+01	 9.989049e+00	 1.579376e+00
 4.202710e+01	 1.023381e+01	 1.650486e+00
 4.318114e+01	 1.047217e+01	 1.720435e+00
 4.436687e+01	 1.070391e+01	 1.789130e+00
 4.558516e+01	 1.093276e+01	 1.856486e+00
 4.683691e+01	 1.115939e+01	 1.922427e+00
 4.812303e+01	 1.137969e+01	 1.986882e+00
 4.944446e+01	 1.159308e+01	 2.049789e+00
 5.080218e+01	 1.179938e+01	 2.111090e+00
 5.219718e+01	 1.199841e+01	 2.170733e+00
 5.363049e+01	 1.219004e+01	 2.228673e+00
 5.510316e+01	 1.237413e+01	 2.284868e+00
 5.661626e+01	 1.255058e+01	 2.339283e+00
 5.817091e+01	 1.271929e+01	 2.391886e+00
 5.976826e+01	 1.288020e+01	 2.445573e+00
 6.140946e+01	 1.303324e+01	 2.497929e+00
 6.309573e+01	 1.317838e+01	 2.548548e+00
 6.482831e+01	 1.331557e+01	 2.597388e+00
 6.660846e+01	 1.344480e+01	 2.644411e+00
 6.843750e+01	 1.356607e+01	 2.689587e+00
 7.031676e+01	 1.367939e+01	 2.733123e+00
 7.224762e+01	 1.378477e+01	 2.776726e+00
 7.423150e+01	 1.388225e+01	 2.818527e+00
 7.626986e+01	 1.397186e+01	 2.858496e+00
 7.836419e+01	 1.405366e+01	 2.896606e+00
 8.051603e+01	 1.412770e+01	 2.932837e+00
 8.272696e+01	 1.419405e+01	 2.967171e+00
 8.499860e+01	 1.425278e+01	 2.999598e+00
 8.733262e+01	 1.430400e+01	 3.031554e+00
 8.973072e+01	 1.434777e+01	 3.061929e+00
 9.219468e+01	 1.438421e+01	 3.090456e+00
 9.472630e+01	 1.441342e+01	 3.118429e+00
 9.732744e+01	 1.443551e+01	 3.144780e+00
 1.000000e+02	 1.445059e+01	 3.169327e+00
 1.027459e+02	 1.445881e+01	 3.192059e+00
 1.055673e+02	 1.446027e+01	 3.212972e+00
 1.084661e+02	 1.445512e+01	 3.232065e+00
 1.114445e+02	 1.444350e+01	 3.249459e+00
 1.145048e+02	 1.442554e+01	 3.265923e+00
 1.176490e+02	 1.440140e+01	 3.280637e+00
 1.208796e+02	 1.437122e+01	 3.293606e+00
 1.241989e+02	 1.433515e+01	 3.304838e+00
 1.276093e+02	 1.429337e+01	 3.314436e+00
 1.311134e+02	 1.424601e+01	 3.323054e+00
 1.347137e+02	 1.419324e+01	 3.330021e+00
 1.384129e+02	 1.413523e+01	 3.335352e+00
 1.422136e+02	 1.407215e+01	 3.339065e+00
 1.461187e+02	 1.400414e+01	 3.341181e+00
 1.501311e+02	 1.393139e+01	 3.341723e+00
 1.542536e+02	 1.385406e+01	 3.340715e+00
 1.584893e+02	 1.377232e+01	 3.338186e+00
 1.628414e+02	 1.368634e+01	 3.334559e+00
 1.673129e+02	 1.359628e+01	 3.329606e+00
 1.719072e+02	 1.350232e+01	 3.323247e+00
 1.766277e+02	 1.340462e+01	 3.315513e+00
 1.814778e+02	 1.330334e+01	 3.306435e+00
 1.864611e+02	 1.319866e+01	 3.296046e+00
 1.915812e+02	 1.309074e+01	 3.284381e+00
 1.968419e+02	 1.297975e+01	 3.271477e+00
 2.022471e+02	 1.286583e+01	 3.257369e+00
 2.078007e+02	 1.274917e+01	 3.242096e+00
 2.135068e+02	 1.262990e+01	 3.225695e+00
 2.193696e+02	 1.250819e+01	 3.208205e+00
 2.253934e+02	 1.238420e+01	 3.189666e+00
 2.315826e+02	 1.225807e+01	 3.170135e+00
 2.379417e+02	 1.212996e+01	 3.149875e+00
 2.444755e+02	 1.200000e+01	 3.128696e+00
 2.511886e+02	 1.186835e+01	 3.106637e+00
 2.580862e+02	 1.173514e+01	 3.083734e+00
 2.651731e+02	 1.160051e+01	 3.060026e+00
 2.724546e+02	 1.146459e+01	 3.035550e+00
 2.799360e+02	 1.132753e+01	 3.010345e+00
 2.876229e+02	 1.118944e+01	 2.984447e+00
 2.955209e+02	 1.105044e+01	 2.957894e+00
 3.036358e+02	 1.091067e+01	 2.930722e+00
 3.119735e+02	 1.077024e+01	 2.902968e+00
 3.205401e+02	 1.062926e+01	 2.874668e+00
 3.293420e+02	 1.048785e+01	 2.845857e+00
 3.383855e+02	 1.034611e+01	 2.816571e+00
 3.476774e+02	 1.020415e+01	 2.786843e+00
 3.572245e+02	 1.006206e+01	 2.756708e+00
 3.670336e+02	 9.919948e+00	 2.726198e+00
 3.771122e+02	 9.777905e+00	 2.695346e+00
 3.874675e+02	 9.636021e+00	 2.664183e+00
 3.981072e+02	 9.494382e+00	 2.632741e+00
 4.090390e+02	 9.353071e+00	 2.601049e+00
 4.202710e+02	 9.212170e+00	 2.569136e+00
 4.318114e+02	 9.071754e+00	 2.537032e+00
 4.436687e+02	 8.931997e+00	 2.504764e+00
 4.558516e+02	 8.792876e+00	 2.472359e+00
 4.683691e+02	 8.654454e+00	 2.439842e+00
 4.812303e+02	 8.516794e+00	 2.407240e+00
 4.944446e+02	 8.379957e+00	 2.374577e+00
 5.080218e+02	 8.243998e+00	 2.341876e+00
 5.219718e+02	 8.108971e+00	 2.309160e+00
 5.363049e+02	 7.974927e+00	 2.276451e+00
 5.510316e+02	 7.841914e+00	 2.243771e+00
 5.661626e+02	 7.710003e+00	 2.211138e+00
 5.817091e+02	 7.579305e+00	 2.178574e+00
 5.976826e+02	 7.449772e+00	 2.146096e+00
 6.140946e+02	 7.321440e+00	 2.113722e+00
 6.309573e+02	 7.194341e+00	 2.081471e+00
 6.482831e+02	 7.068508e+00	 2.049356e+00
 6.660846e+02	 6.943968e+00	 2.017396e+00
 6.843750e+02	 6.820750e+00	 1.985603e+00
 7.031676e+02	 6.698877e+00	 1.953993e+00
 7.224762e+02	 6.578372e+00	 1.922579e+00
 7.423150e+02	 6.459255e+00	 1.891373e+00
 7.626986e+02	 6.341545e+00	 1.860387e+00
 7.836419e+02	 6.225257e+00	 1.829632e+00
 8.051603e+02	 6.110408e+00	 1.799120e+00
 8.272696e+02	 5.997008e+00	 1.768860e+00
 8.499860e+02	 5.885071e+00	 1.738861e+00
 8.733262e+02	 5.774604e+00	 1.709133e+00
 8.973072e+02	 5.665616e+00	 1.679683e+00
 9.219468e+02	 5.558113e+00	 1.650519e+00
 9.472630e+02	 5.452101e+00	 1.621648e+00
 9.732744e+02	 5.347582e+00	 1.593076e+00
 1.000000e+03	 5.244559e+00	 1.564810e+00
 1.027459e+03	 5.143032e+00	 1.536855e+00
 1.055673e+03	 5.043002e+00	 1.509216e+00
 1.084661e+03	 4.944466e+00	 1.481898e+00
 1.114445e+03	 4.847423e+00	 1.454904e+00
 1.145048e+03	 4.751869e+00	 1.428238e+00
 1.176490e+03	 4.657798e+00	 1.401903e+00
 1.208796e+03	 4.565206e+00	 1.375902e+00
 1.241989e+03	 4.474086e+00	 1.350238e+00
 1.276093e+03	 4.384431e+00	 1.324912e+00
 1.311134e+03	 4.296232e+00	 1.299927e+00
 1.347137e+03	 4.209481e+00	 1.275283e+00
 1.384129e+03	 4.124168e+00	 1.250981e+00
 1.422136e+03	 4.040284e+00	 1.227023e+00
 1.461187e+03	 3.957816e+00	 1.203408e+00
 1.501311e+03	 3.876755e+00	 1.180137e+00
 1.542536e+03	 3.797087e+00	 1.157209e+00
 1.584893e+03	 3.718801e+00	 1.134624e+00
 1.628414e+03	 3.641884e+00	 1.112382e+00
 1.673129e+03	 3.566321e+00	 1.090481e+00
 1.719072e+03	 3.492101e+00	 1.068926e+00
 1.766277e+03	 3.419208e+00	 1.047710e+00
 1.814778e+03	 3.347629e+00	 1.026832e+00
 1.864611e+03	 3.277348e+00	 1.006290e+00
 1.915812e+03	 3.208351e+00	 9.860816e-01
 1.968419e+03	 3.140622e+00	 9.662050e-01
 2.022471e+03	 3.074146e+00	 9.466619e-01
 2.078007e+03	 3.008908e+00	 9.274462e-01
 2.135068e+03	 2.944891e+00	 9.085553e-01
 2.193696e+03	 2.882080e+00	 8.899864e-01
 2.253934e+03	 2.820459e+00	 8.717367e-01
 2.315826e+03	 2.760011e+00	 8.538033e-01
 2.379417e+03	 2.700721e+00	 8.361832e-01
 2.444755e+03	 2.642572e+00	 8.188734e-01
 2.511886e+03	 2.585548e+00	 8.018705e-01
 2.580862e+03	 2.529632e+00	 7.851714e-01
 2.651731e+03	 2.474809e+00	 7.687728e-01
 2.724546e+03	 2.421061e+00	 7.526712e-01
 2.799360e+03	 2.368372e+00	 7.368631e-01
 2.876229e+03	 2.316726e+00	 7.213452e-01
 2.955209e+03	 2.266107e+00	 7.061139e-01
 3.036358e+03	 2.216499e+00	 6.911655e-01
 3.119735e+03	 2.167885e+00	 6.764964e-01
 3.205401e+03	 2.120249e+00	 6.621031e-01
 3.293420e+03	 2.073576e+00	 6.479818e-01
 3.383855e+03	 2.027849e+00	 6.341294e-01
 3.476774e+03	 1.983052e+00	 6.205425e-01
 3.572245e+03	 1.939171e+00	 6.072166e-01
 3.670336e+03	 1.896189e+00	 5.941479e-01
 3.771122e+03	 1.854090e+00	 5.813326e-01
 3.874675e+03	 1.812860e+00	 5.687671e-01
 3.981072e+03	 1.772484e+00	 5.564478e-01
 4.090390e+03	 1.732946e+00	 5.443715e-01
 4.202710e+03	 1.694231e+00	 5.325337e-01
 4.318114e+03	 1.656325e+00	 5.209307e-01
 4.436687e+03	 1.619213e+00	 5.095588e-01
 4.558516e+03	 1.582880e+00	 4.984143e-01
 4.683691e+03	 1.547314e+00	 4.874935e-01
 4.812303e+03	 1.512498e+00	 4.767927e-01
 4.944446e+03	 1.478420e+00	 4.663083e-01
 5.080218e+03	 1.445066e+00	 4.560368e-01
 5.219718e+03	 1.412422e+00	 4.459744e-01
 5.363049e+03	 1.380474e+00	 4.361177e-01
 5.510316e+03	 1.349210e+00	 4.264631e-01
 5.661626e+03	 1.318617e+00	 4.170071e-01
 5.817091e+03	 1.288681e+00	 4.077462e-01
 5.976826e+03	 1.259390e+00	 3.986771e-01
 6.140946e+03	 1.230731e+00	 3.897963e-01
 6.309573e+03	 1.202693e+00	 3.811005e-01
 6.482831e+03	 1.175262e+00	 3.725863e-01
 6.660846e+03	 1.148428e+00	 3.642504e-01
 6.843750e+03	 1.122178e+00	 3.560896e-01
 7.031676e+03	 1.096500e+00	 3.481007e-01
 7.224762e+03	 1.071384e+00	 3.402805e-01
 7.423150e+03	 1.046818e+00	 3.326259e-01
 7.626986e+03	 1.022791e+00	 3.251337e-01
 7.836419e+03	 9.992917e-01	 3.178009e-01
 8.051603e+03	 9.763101e-01	 3.106245e-01
 8.272696e+03	 9.538355e-01	 3.036016e-01
 8.499860e+03	 9.318575e-01	 2.967291e-01
 8.733262e+03	 9.103659e-01	 2.900042e-01
 8.973072e+03	 8.893508e-01	 2.834241e-01
 9.219468e+03	 8.688024e-01	 2.769858e-01
 9.472630e+03	 8.487110e-01	 2.706868e-01
 9.732744e+03	 8.290671e-01	 2.645242e-01
 1.000000e+04	 8.098614e-01	 2.584953e-01
