 1.000000e+01	 1.674361e-01	 1.128162e-01
 1.027459e+01	 2.254669e-01	 1.669227e-01
 1.055673e+01	 2.856050e-01	 2.233292e-01
 1.084661e+01	 3.475723e-01	 2.817459e-01
 1.114445e+01	 4.111114e-01	 3.419045e-01
 1.145048e+01	 4.759839e-01	 4.035565e-01
 1.176490e+01	 5.419691e-01	 4.664720e-01
 1.208796e+01	 6.088626e-01	 5.304379e-01
 1.241989e+01	 6.764751e-01	 5.952571e-01
 1.276093e+01	 7.446315e-01	 6.607469e-01
 1.311134e+01	 8.332296e-01	 7.267383e-01
 1.347137e+01	 9.403839e-01	 7.930747e-01
 1.384129e+01	 1.073961e+00	 8.596110e-01
 1.422136e+01	 1.255643e+00	 9.262127e-01
 1.461187e+01	 1.495719e+00	 9.927554e-01
 1.501311e+01	 1.743577e+00	 1.059124e+00
 1.542536e+01	 1.998027e+00	 1.125210e+00
 1.584893e+01	 2.257969e+00	 1.190916e+00
 1.628414e+01	 2.522385e+00	 1.256149e+00
 1.673129e+01	 2.790332e+00	 1.320824e+00
 1.719072e+01	 3.080282e+00	 1.384861e+00
 1.766277e+01	 3.377634e+00	 1.448187e+00
 1.814778e+01	 3.677360e+00	 1.510733e+00
 1.864611e+01	 3.983474e+00	 1.572436e+00
 1.915812e+01	 4.302698e+00	 1.633237e+00
 1.968419e+01	 4.622906e+00	 1.693081e+00
 2.022471e+01	 4.943297e+00	 1.755399e+00
 2.078007e+01	 5.263129e+00	 1.833023e+00
 2.135068e+01	 5.581718e+00	 1.910644e+00
 2.193696e+01	 5.898433e+00	 1.988068e+00
 2.253934e+01	 6.212692e+00	 2.065114e+00
 2.315826e+01	 6.531595e+00	 2.155068e+00
 2.379417e+01	 6.852364e+00	 2.245967e+00
 2.444755e+01	 7.169878e+00	 2.340895e+00
 2.511886e+01	 7.483625e+00	 2.446447e+00
 2.580862e+01	 7.793136e+00	 2.574505e+00
 2.651731e+01	 8.097978e+00	 2.707243e+00
 2.724546e+01	 8.397754e+00	 2.840898e+00
 2.799360e+01	 8.692098e+00	 2.975010e+00
 2.876229e+01	 8.980677e+00	 3.109157e+00
 2.955209e+01	 9.263186e+00	 3.242948e+00
 3.036358e+01	 9.539347e+00	 3.376027e+00
 3.119735e+01	 9.808904e+00	 3.508064e+00
 3.205401e+01	 1.007163e+01	 3.638758e+00
 3.293420e+01	 1.032853e+01	 3.767833e+00
 3.383855e+01	 1.058483e+01	 3.895037e+00
 3.476774e+01	 1.084000e+01	 4.020140e+00
 3.572245e+01	 1.108975e+01	 4.142932e+00
 3.670336e+01	 1.133250e+01	 4.263221e+00
 3.771122e+01	 1.156802e+01	 4.380835e+00
 3.874675e+01	 1.179611e+01	 4.495618e+00
 3.981072e+01	 1.201660e+01	 4.607428e+00
 4.090390e+01	 1.222933e+01	 4.718512e+00
 4.202710e+01	 1.243416e+01	 4.830364e+00
 4.318114e+01	 1.263098e+01	 4.939215e+00
 4.436687e+01	 1.281968e+01	 5.044928e+00
 4.558516e+01	 1.300019e+01	 5.147377e+00
 4.683691e+01	 1.317244e+01	 5.246455e+00
 4.812303e+01	 1.333638e+01	 5.342064e+00
 4.944446e+01	 1.349196e+01	 5.434123e+00
 5.080218e+01	 1.363917e+01	 5.522558e+00
 5.219718e+01	 1.377801e+01	 5.607308e+00
 5.363049e+01	 1.390846e+01	 5.688323e+00
 5.510316e+01	 1.403054e+01	 5.768713e+00
 5.661626e+01	 1.414428e+01	 5.845776e+00
 5.817091e+01	 1.424972e+01	 5.919165e+00
 5.976826e+01	 1.434690e+01	 5.988839e+00
 6.140946e+01	 1.443588e+01	 6.054764e+00
 6.309573e+01	 1.451673e+01	 6.116919e+00
 6.482831e+01	 1.458951e+01	 6.175286e+00
 6.660846e+01	 1.465431e+01	 6.229858e+00
 6.843750e+01	 1.471122e+01	 6.280637e+00
 7.031676e+01	 1.476034e+01	 6.327629e+00
 7.224762e+01	 1.480178e+01	 6.370847e+00
 7.423150e+01	 1.483564e+01	 6.410312e+00
 7.626986e+01	 1.486204e+01	 6.446049e+00
 7.836419e+01	 1.488112e+01	 6.478089e+00
 8.051603e+01	 1.489299e+01	 6.506468e+00
 8.272696e+01	 1.489780e+01	 6.531228e+00
 8.499860e+01	 1.489568e+01	 6.552413e+00
 8.733262e+01	 1.488679e+01	 6.570072e+00
 8.973072e+01	 1.487126e+01	 6.584258e+00
 9.219468e+01	 1.484925e+01	 6.595029e+00
 9.472630e+01	 1.482092e+01	 6.602443e+00
 9.732744e+01	 1.478643e+01	 6.606565e+00
 1.000000e+02	 1.474594e+01	 6.607459e+00
 1.027459e+02	 1.469961e+01	 6.605194e+00
 1.055673e+02	 1.464762e+01	 6.599840e+00
 1.084661e+02	 1.459013e+01	 6.592108e+00
 1.114445e+02	 1.452732e+01	 6.581905e+00
 1.145048e+02	 1.445935e+01	 6.568885e+00
 1.176490e+02	 1.438640e+01	 6.553117e+00
 1.208796e+02	 1.430864e+01	 6.534670e+00
 1.241989e+02	 1.422626e+01	 6.513618e+00
 1.276093e+02	 1.413942e+01	 6.490035e+00
 1.311134e+02	 1.404830e+01	 6.463997e+00
 1.347137e+02	 1.395308e+01	 6.435580e+00
 1.384129e+02	 1.385392e+01	 6.404862e+00
 1.422136e+02	 1.375101e+01	 6.371922e+00
 1.461187e+02	 1.364451e+01	 6.336838e+00
 1.501311e+02	 1.353460e+01	 6.299690e+00
 1.542536e+02	 1.342145e+01	 6.260558e+00
 1.584893e+02	 1.330522e+01	 6.219522e+00
 1.628414e+02	 1.318608e+01	 6.176661e+00
 1.673129e+02	 1.306420e+01	 6.132055e+00
 1.719072e+02	 1.293974e+01	 6.085782e+00
 1.766277e+02	 1.281286e+01	 6.037923e+00
 1.814778e+02	 1.268371e+01	 5.988554e+00
 1.864611e+02	 1.255341e+01	 5.937754e+00
 1.915812e+02	 1.242152e+01	 5.885599e+00
 1.968419e+02	 1.228789e+01	 5.832164e+00
 2.022471e+02	 1.215266e+01	 5.777525e+00
 2.078007e+02	 1.201596e+01	 5.721756e+00
 2.135068e+02	 1.187793e+01	 5.664929e+00
 2.193696e+02	 1.173869e+01	 5.607115e+00
 2.253934e+02	 1.159837e+01	 5.548384e+00
 2.315826e+02	 1.145709e+01	 5.488806e+00
 2.379417e+02	 1.131498e+01	 5.428447e+00
 2.444755e+02	 1.117216e+01	 5.367374e+00
 2.511886e+02	 1.102893e+01	 5.305650e+00
 2.580862e+02	 1.088529e+01	 5.243339e+00
 2.651731e+02	 1.074128e+01	 5.180503e+00
 2.724546e+02	 1.059700e+01	 5.117200e+00
 2.799360e+02	 1.045255e+01	 5.053489e+00
 2.876229e+02	 1.030804e+01	 4.989426e+00
 2.955209e+02	 1.016355e+01	 4.925067e+00
 3.036358e+02	 1.001917e+01	 4.860463e+00
 3.119735e+02	 9.874999e+00	 4.795668e+00
 3.205401e+02	 9.731109e+00	 4.730729e+00
 3.293420e+02	 9.587584e+00	 4.665696e+00
 3.383855e+02	 9.444503e+00	 4.600615e+00
 3.476774e+02	 9.301938e+00	 4.535531e+00
 3.572245e+02	 9.159960e+00	 4.470486e+00
 3.670336e+02	 9.018638e+00	 4.405523e+00
 3.771122e+02	 8.878036e+00	 4.340680e+00
 3.874675e+02	 8.738216e+00	 4.275996e+00
 3.981072e+02	 8.599236e+00	 4.211507e+00
 4.090390e+02	 8.461151e+00	 4.147249e+00
 4.202710e+02	 8.324015e+00	 4.083254e+00
 4.318114e+02	 8.187925e+00	 4.019555e+00
 4.436687e+02	 8.052939e+00	 3.956182e+00
 4.558516e+02	 7.919048e+00	 3.893163e+00
 4.683691e+02	 7.786292e+00	 3.830526e+00
 4.812303e+02	 7.654710e+00	 3.768354e+00
 4.944446e+02	 7.524336e+00	 3.706628e+00
 5.080218e+02	 7.395205e+00	 3.645361e+00
 5.219718e+02	 7.267347e+00	 3.584573e+00
 5.363049e+02	 7.140791e+00	 3.524284e+00
 5.510316e+02	 7.015562e+00	 3.464513e+00
 5.661626e+02	 6.891686e+00	 3.405298e+00
 5.817091e+02	 6.769184e+00	 3.346664e+00
 5.976826e+02	 6.648076e+00	 3.288600e+00
 6.140946e+02	 6.528380e+00	 3.231118e+00
 6.309573e+02	 6.410113e+00	 3.174233e+00
 6.482831e+02	 6.293289e+00	 3.117954e+00
 6.660846e+02	 6.177921e+00	 3.062294e+00
 6.843750e+02	 6.064018e+00	 3.007261e+00
 7.031676e+02	 5.951592e+00	 2.952866e+00
 7.224762e+02	 5.840649e+00	 2.899115e+00
 7.423150e+02	 5.731195e+00	 2.846016e+00
 7.626986e+02	 5.623236e+00	 2.793576e+00
 7.836419e+02	 5.516775e+00	 2.741799e+00
 8.051603e+02	 5.411814e+00	 2.690691e+00
 8.272696e+02	 5.308354e+00	 2.640256e+00
 8.499860e+02	 5.206394e+00	 2.590496e+00
 8.733262e+02	 5.105934e+00	 2.541416e+00
 8.973072e+02	 5.006970e+00	 2.493016e+00
 9.219468e+02	 4.909500e+00	 2.445298e+00
 9.472630e+02	 4.813518e+00	 2.398263e+00
 9.732744e+02	 4.719019e+00	 2.351911e+00
 1.000000e+03	 4.625997e+00	 2.306243e+00
 1.027459e+03	 4.534445e+00	 2.261256e+00
 1.055673e+03	 4.444354e+00	 2.216950e+00
 1.084661e+03	 4.355717e+00	 2.173323e+00
 1.114445e+03	 4.268524e+00	 2.130373e+00
 1.145048e+03	 4.182765e+00	 2.088097e+00
 1.176490e+03	 4.098429e+00	 2.046492e+00
 1.208796e+03	 4.015506e+00	 2.005555e+00
 1.241989e+03	 3.933983e+00	 1.965282e+00
 1.276093e+03	 3.853849e+00	 1.925669e+00
 1.311134e+03	 3.775091e+00	 1.886711e+00
 1.347137e+03	 3.697696e+00	 1.848405e+00
 1.384129e+03	 3.621651e+00	 1.810744e+00
 1.422136e+03	 3.546942e+00	 1.773724e+00
 1.461187e+03	 3.473555e+00	 1.737340e+00
 1.501311e+03	 3.401475e+00	 1.701585e+00
 1.542536e+03	 3.330688e+00	 1.666454e+00
 1.584893e+03	 3.261180e+00	 1.631940e+00
 1.628414e+03	 3.192935e+00	 1.598038e+00
 1.673129e+03	 3.125937e+00	 1.564741e+00
 1.719072e+03	 3.060172e+00	 1.532043e+00
 1.766277e+03	 2.995624e+00	 1.499936e+00
 1.814778e+03	 2.932276e+00	 1.468415e+00
 1.864611e+03	 2.870115e+00	 1.437471e+00
 1.915812e+03	 2.809122e+00	 1.407099e+00
 1.968419e+03	 2.749284e+00	 1.377291e+00
 2.022471e+03	 2.690582e+00	 1.348040e+00
 2.078007e+03	 2.633003e+00	 1.319338e+00
 2.135068e+03	 2.576528e+00	 1.291179e+00
 2.193696e+03	 2.521143e+00	 1.263555e+00
 2.253934e+03	 2.466831e+00	 1.236458e+00
 2.315826e+03	 2.413577e+00	 1.209882e+00
 2.379417e+03	 2.361363e+00	 1.183819e+00
 2.444755e+03	 2.310175e+00	 1.158261e+00
 2.511886e+03	 2.259997e+00	 1.133201e+00
 2.580862e+03	 2.210814e+00	 1.108632e+00
 2.651731e+03	 2.162610e+00	 1.084546e+00
 2.724546e+03	 2.115367e+00	 1.060935e+00
 2.799360e+03	 2.069072e+00	 1.037793e+00
 2.876229e+03	 2.023707e+00	 1.015112e+00
 2.955209e+03	 1.979257e+00	 9.928847e-01
 3.036358e+03	 1.935708e+00	 9.711036e-01
 3.119735e+03	 1.893044e+00	 9.497615e-01
 3.205401e+03	 1.851249e+00	 9.288513e-01
 3.293420e+03	 1.810310e+00	 9.083657e-01
 3.383855e+03	 1.770211e+00	 8.882976e-01
 3.476774e+03	 1.730938e+00	 8.686399e-01
 3.572245e+03	 1.692476e+00	 8.493856e-01
 3.670336e+03	 1.654810e+00	 8.305277e-01
 3.771122e+03	 1.617927e+00	 8.120593e-01
 3.874675e+03	 1.581813e+00	 7.939737e-01
 3.981072e+03	 1.546453e+00	 7.762639e-01
 4.090390e+03	 1.511834e+00	 7.589233e-01
 4.202710e+03	 1.477942e+00	 7.419453e-01
 4.318114e+03	 1.444764e+00	 7.253233e-01
 4.436687e+03	 1.412287e+00	 7.090508e-01
 4.558516e+03	 1.380498e+00	 6.931215e-01
 4.683691e+03	 1.349383e+00	 6.775289e-01
 4.812303e+03	 1.318931e+00	 6.622668e-01
 4.944446e+03	 1.289128e+00	 6.473290e-01
 5.080218e+03	 1.259962e+00	 6.327094e-01
 5.219718e+03	 1.231421e+00	 6.184021e-01
 5.363049e+03	 1.203493e+00	 6.044010e-01
 5.510316e+03	 1.176166e+00	 5.907004e-01
 5.661626e+03	 1.149428e+00	 5.772944e-01
 5.817091e+03	 1.123269e+00	 5.641773e-01
 5.976826e+03	 1.097676e+00	 5.513435e-01
 6.140946e+03	 1.072638e+00	 5.387876e-01
 6.309573e+03	 1.048145e+00	 5.265040e-01
 6.482831e+03	 1.024186e+00	 5.144873e-01
 6.660846e+03	 1.000749e+00	 5.027324e-01
 6.843750e+03	 9.778257e-01	 4.912340e-01
 7.031676e+03	 9.554043e-01	 4.799870e-01
 7.224762e+03	 9.334750e-01	 4.689864e-01
 7.423150e+03	 9.120279e-01	 4.582271e-01
 7.626986e+03	 8.910533e-01	 4.477044e-01
 7.836419e+03	 8.705415e-01	 4.374134e-01
 8.051603e+03	 8.504830e-01	 4.273494e-01
 8.272696e+03	 8.308686e-01	 4.175078e-01
 8.499860e+03	 8.116892e-01	 4.078840e-01
 8.733262e+03	 7.929357e-01	 3.984736e-01
 8.973072e+03	 7.745993e-01	 3.892721e-01
 9.219468e+03	 7.566714e-01	 3.802753e-01
 9.472630e+03	 7.391435e-01	 3.714788e-01
 9.732744e+03	 7.220072e-01	 3.628786e-01
 1.000000e+04	 7.052543e-01	 3.544705e-01
