 1.000000e+01	 0.000000e+00	 0.000000e+00
 1.027459e+01	 0.000000e+00	 0.000000e+00
 1.055673e+01	 0.000000e+00	 0.000000e+00
 1.084661e+01	 0.000000e+00	 3.288389e-02
 1.114445e+01	 0.000000e+00	 7.202999e-02
 1.145048e+01	 0.000000e+00	 1.133080e-01
 1.176490e+01	 0.000000e+00	 1.564683e-01
 1.208796e+01	 0.000000e+00	 2.012793e-01
 1.241989e+01	 0.000000e+00	 2.603301e-01
 1.276093e+01	 2.706487e-03	 3.383101e-01
 1.311134e+01	 3.216581e-02	 4.191296e-01
 1.347137e+01	 6.344840e-02	 5.024097e-01
 1.384129e+01	 1.000019e-01	 5.877994e-01
 1.422136e+01	 1.600703e-01	 6.749739e-01
 1.461187e+01	 2.229420e-01	 7.636324e-01
 1.501311e+01	 2.882616e-01	 8.534961e-01
 1.542536e+01	 3.557003e-01	 9.443073e-01
 1.584893e+01	 4.289029e-01	 1.035827e+00
 1.628414e+01	 5.206610e-01	 1.144179e+00
 1.673129e+01	 6.218643e-01	 1.257923e+00
 1.719072e+01	 7.407010e-01	 1.372908e+00
 1.766277e+01	 8.637064e-01	 1.488813e+00
 1.814778e+01	 1.008056e+00	 1.625237e+00
 1.864611e+01	 1.155686e+00	 1.763448e+00
 1.915812e+01	 1.306020e+00	 1.902820e+00
 1.968419e+01	 1.458523e+00	 2.042975e+00
 2.022471e+01	 1.612699e+00	 2.187477e+00
 2.078007e+01	 1.768092e+00	 2.344957e+00
 2.135068e+01	 1.924279e+00	 2.503203e+00
 2.193696e+01	 2.080867e+00	 2.661812e+00
 2.253934e+01	 2.237495e+00	 2.820412e+00
 2.315826e+01	 2.393829e+00	 2.978659e+00
 2.379417e+01	 2.549559e+00	 3.136235e+00
 2.444755e+01	 2.704400e+00	 3.292844e+00
 2.511886e+01	 2.858088e+00	 3.448215e+00
 2.580862e+01	 3.010379e+00	 3.602095e+00
 2.651731e+01	 3.161048e+00	 3.754253e+00
 2.724546e+01	 3.309887e+00	 3.904474e+00
 2.799360e+01	 3.456704e+00	 4.052559e+00
 2.876229e+01	 3.601321e+00	 4.198325e+00
 2.955209e+01	 3.743577e+00	 4.341604e+00
 3.036358e+01	 3.883321e+00	 4.482242e+00
 3.119735e+01	 4.020414e+00	 4.620094e+00
 3.205401e+01	 4.154730e+00	 4.755029e+00
 3.293420e+01	 4.286153e+00	 4.886929e+00
 3.383855e+01	 4.416702e+00	 5.015682e+00
 3.476774e+01	 4.549090e+00	 5.141188e+00
 3.572245e+01	 4.678673e+00	 5.263356e+00
 3.670336e+01	 4.805317e+00	 5.382102e+00
 3.771122e+01	 4.928899e+00	 5.497353e+00
 3.874675e+01	 5.054062e+00	 5.609039e+00
 3.981072e+01	 5.177024e+00	 5.717101e+00
 4.090390e+01	 5.296900e+00	 5.821486e+00
 4.202710e+01	 5.413566e+00	 5.922147e+00
 4.318114e+01	 5.526911e+00	 6.019042e+00
 4.436687e+01	 5.636835e+00	 6.112137e+00
 4.558516e+01	 5.743248e+00	 6.201402e+00
 4.683691e+01	 5.846069e+00	 6.286815e+00
 4.812303e+01	 5.945229e+00	 6.368356e+00
 4.944446e+01	 6.040666e+00	 6.446011e+00
 5.080218e+01	 6.132327e+00	 6.519773e+00
 5.219718e+01	 6.220166e+00	 6.589636e+00
 5.363049e+01	 6.304145e+00	 6.655602e+00
 5.510316e+01	 6.384235e+00	 6.717674e+00
 5.661626e+01	 6.460412e+00	 6.775863e+00
 5.817091e+01	 6.532659e+00	 6.830181e+00
 5.976826e+01	 6.600965e+00	 6.880646e+00
 6.140946e+01	 6.665325e+00	 6.927277e+00
 6.309573e+01	 6.725739e+00	 6.970101e+00
 6.482831e+01	 6.782215e+00	 7.009145e+00
 6.660846e+01	 6.834764e+00	 7.044440e+00
 6.843750e+01	 6.883402e+00	 7.076022e+00
 7.031676e+01	 6.928149e+00	 7.103930e+00
 7.224762e+01	 6.969032e+00	 7.128204e+00
 7.423150e+01	 7.006081e+00	 7.148890e+00
 7.626986e+01	 7.039329e+00	 7.166034e+00
 7.836419e+01	 7.068815e+00	 7.179687e+00
 8.051603e+01	 7.094580e+00	 7.189901e+00
 8.272696e+01	 7.116670e+00	 7.196733e+00
 8.499860e+01	 7.135132e+00	 7.200240e+00
 8.733262e+01	 7.150019e+00	 7.200483e+00
 8.973072e+01	 7.161386e+00	 7.197523e+00
 9.219468e+01	 7.169290e+00	 7.191425e+00
 9.472630e+01	 7.173793e+00	 7.182256e+00
 9.732744e+01	 7.174956e+00	 7.170084e+00
 1.000000e+02	 7.172845e+00	 7.154979e+00
 1.027459e+02	 7.167528e+00	 7.137012e+00
 1.055673e+02	 7.159075e+00	 7.116256e+00
 1.084661e+02	 7.147556e+00	 7.093675e+00
 1.114445e+02	 7.133046e+00	 7.068684e+00
 1.145048e+02	 7.115619e+00	 7.041177e+00
 1.176490e+02	 7.095351e+00	 7.011222e+00
 1.208796e+02	 7.072319e+00	 6.978889e+00
 1.241989e+02	 7.046604e+00	 6.944251e+00
 1.276093e+02	 7.018284e+00	 6.907380e+00
 1.311134e+02	 6.987440e+00	 6.868349e+00
 1.347137e+02	 6.954153e+00	 6.827234e+00
 1.384129e+02	 6.918505e+00	 6.784110e+00
 1.422136e+02	 6.880579e+00	 6.739052e+00
 1.461187e+02	 6.840456e+00	 6.692137e+00
 1.501311e+02	 6.798220e+00	 6.643440e+00
 1.542536e+02	 6.753954e+00	 6.593039e+00
 1.584893e+02	 6.707740e+00	 6.541110e+00
 1.628414e+02	 6.659661e+00	 6.488054e+00
 1.673129e+02	 6.609798e+00	 6.433546e+00
 1.719072e+02	 6.558235e+00	 6.377657e+00
 1.766277e+02	 6.505052e+00	 6.320457e+00
 1.814778e+02	 6.450329e+00	 6.262017e+00
 1.864611e+02	 6.394147e+00	 6.202407e+00
 1.915812e+02	 6.336585e+00	 6.141697e+00
 1.968419e+02	 6.277721e+00	 6.079955e+00
 2.022471e+02	 6.217633e+00	 6.017249e+00
 2.078007e+02	 6.156395e+00	 5.953647e+00
 2.135068e+02	 6.094084e+00	 5.889216e+00
 2.193696e+02	 6.030773e+00	 5.824019e+00
 2.253934e+02	 5.966535e+00	 5.758122e+00
 2.315826e+02	 5.901440e+00	 5.691588e+00
 2.379417e+02	 5.835559e+00	 5.624478e+00
 2.444755e+02	 5.768959e+00	 5.556853e+00
 2.511886e+02	 5.701708e+00	 5.488772e+00
 2.580862e+02	 5.633871e+00	 5.420293e+00
 2.651731e+02	 5.565512e+00	 5.351472e+00
 2.724546e+02	 5.496692e+00	 5.282363e+00
 2.799360e+02	 5.427472e+00	 5.213022e+00
 2.876229e+02	 5.357910e+00	 5.143498e+00
 2.955209e+02	 5.288065e+00	 5.073843e+00
 3.036358e+02	 5.217991e+00	 5.004105e+00
 3.119735e+02	 5.147742e+00	 4.934332e+00
 3.205401e+02	 5.077370e+00	 4.864568e+00
 3.293420e+02	 5.006925e+00	 4.794859e+00
 3.383855e+02	 4.936456e+00	 4.725246e+00
 3.476774e+02	 4.866010e+00	 4.655771e+00
 3.572245e+02	 4.795631e+00	 4.586472e+00
 3.670336e+02	 4.725363e+00	 4.517388e+00
 3.771122e+02	 4.655248e+00	 4.448554e+00
 3.874675e+02	 4.585326e+00	 4.380004e+00
 3.981072e+02	 4.515635e+00	 4.311773e+00
 4.090390e+02	 4.446212e+00	 4.243892e+00
 4.202710e+02	 4.377091e+00	 4.176390e+00
 4.318114e+02	 4.308307e+00	 4.109296e+00
 4.436687e+02	 4.239890e+00	 4.042638e+00
 4.558516e+02	 4.171873e+00	 3.976441e+00
 4.683691e+02	 4.104282e+00	 3.910729e+00
 4.812303e+02	 4.037145e+00	 3.845526e+00
 4.944446e+02	 3.970489e+00	 3.780852e+00
 5.080218e+02	 3.904338e+00	 3.716729e+00
 5.219718e+02	 3.838713e+00	 3.653175e+00
 5.363049e+02	 3.773638e+00	 3.590209e+00
 5.510316e+02	 3.709132e+00	 3.527846e+00
 5.661626e+02	 3.645234e+00	 3.466103e+00
 5.817091e+02	 3.581983e+00	 3.404993e+00
 5.976826e+02	 3.519358e+00	 3.344529e+00
 6.140946e+02	 3.457372e+00	 3.284725e+00
 6.309573e+02	 3.396040e+00	 3.225590e+00
 6.482831e+02	 3.335374e+00	 3.167135e+00
 6.660846e+02	 3.275385e+00	 3.109369e+00
 6.843750e+02	 3.216084e+00	 3.052300e+00
 7.031676e+02	 3.157480e+00	 2.995936e+00
 7.224762e+02	 3.099582e+00	 2.940282e+00
 7.423150e+02	 3.042397e+00	 2.885344e+00
 7.626986e+02	 2.985931e+00	 2.831127e+00
 7.836419e+02	 2.930191e+00	 2.777635e+00
 8.051603e+02	 2.875181e+00	 2.724871e+00
 8.272696e+02	 2.820905e+00	 2.672837e+00
 8.499860e+02	 2.767368e+00	 2.621536e+00
 8.733262e+02	 2.714570e+00	 2.570967e+00
 8.973072e+02	 2.662515e+00	 2.521133e+00
 9.219468e+02	 2.611203e+00	 2.472033e+00
 9.472630e+02	 2.560635e+00	 2.423665e+00
 9.732744e+02	 2.510811e+00	 2.376030e+00
 1.000000e+03	 2.461731e+00	 2.329124e+00
 1.027459e+03	 2.413393e+00	 2.282947e+00
 1.055673e+03	 2.365795e+00	 2.237495e+00
 1.084661e+03	 2.318936e+00	 2.192765e+00
 1.114445e+03	 2.272813e+00	 2.148754e+00
 1.145048e+03	 2.227422e+00	 2.105458e+00
 1.176490e+03	 2.182760e+00	 2.062872e+00
 1.208796e+03	 2.138824e+00	 2.020992e+00
 1.241989e+03	 2.095608e+00	 1.979813e+00
 1.276093e+03	 2.053108e+00	 1.939330e+00
 1.311134e+03	 2.011320e+00	 1.899537e+00
 1.347137e+03	 1.970238e+00	 1.860429e+00
 1.384129e+03	 1.929855e+00	 1.821999e+00
 1.422136e+03	 1.890167e+00	 1.784241e+00
 1.461187e+03	 1.851168e+00	 1.747149e+00
 1.501311e+03	 1.812850e+00	 1.710715e+00
 1.542536e+03	 1.775208e+00	 1.674934e+00
 1.584893e+03	 1.738234e+00	 1.639798e+00
 1.628414e+03	 1.701921e+00	 1.605300e+00
 1.673129e+03	 1.666264e+00	 1.571433e+00
 1.719072e+03	 1.631253e+00	 1.538189e+00
 1.766277e+03	 1.596882e+00	 1.505561e+00
 1.814778e+03	 1.563143e+00	 1.473540e+00
 1.864611e+03	 1.530029e+00	 1.442121e+00
 1.915812e+03	 1.497531e+00	 1.411293e+00
 1.968419e+03	 1.465643e+00	 1.381051e+00
 2.022471e+03	 1.434356e+00	 1.351385e+00
 2.078007e+03	 1.403661e+00	 1.322288e+00
 2.135068e+03	 1.373552e+00	 1.293753e+00
 2.193696e+03	 1.344020e+00	 1.265770e+00
 2.253934e+03	 1.315056e+00	 1.238332e+00
 2.315826e+03	 1.286654e+00	 1.211431e+00
 2.379417e+03	 1.258803e+00	 1.185059e+00
 2.444755e+03	 1.231498e+00	 1.159207e+00
 2.511886e+03	 1.204728e+00	 1.133869e+00
 2.580862e+03	 1.178487e+00	 1.109035e+00
 2.651731e+03	 1.152766e+00	 1.084698e+00
 2.724546e+03	 1.127557e+00	 1.060850e+00
 2.799360e+03	 1.102851e+00	 1.037483e+00
 2.876229e+03	 1.078641e+00	 1.014589e+00
 2.955209e+03	 1.054919e+00	 9.921610e-01
 3.036358e+03	 1.031677e+00	 9.701901e-01
 3.119735e+03	 1.008906e+00	 9.486691e-01
 3.205401e+03	 9.865997e-01	 9.275902e-01
 3.293420e+03	 9.647491e-01	 9.069459e-01
 3.383855e+03	 9.433468e-01	 8.867286e-01
 3.476774e+03	 9.223851e-01	 8.669309e-01
 3.572245e+03	 9.018564e-01	 8.475453e-01
 3.670336e+03	 8.817531e-01	 8.285646e-01
 3.771122e+03	 8.620677e-01	 8.099815e-01
 3.874675e+03	 8.427926e-01	 7.917887e-01
 3.981072e+03	 8.239207e-01	 7.739793e-01
 4.090390e+03	 8.054446e-01	 7.565461e-01
 4.202710e+03	 7.873572e-01	 7.394823e-01
 4.318114e+03	 7.696512e-01	 7.227809e-01
 4.436687e+03	 7.523197e-01	 7.064353e-01
 4.558516e+03	 7.353557e-01	 6.904387e-01
 4.683691e+03	 7.187524e-01	 6.747845e-01
 4.812303e+03	 7.025030e-01	 6.594661e-01
 4.944446e+03	 6.866008e-01	 6.444773e-01
 5.080218e+03	 6.710392e-01	 6.298116e-01
 5.219718e+03	 6.558117e-01	 6.154628e-01
 5.363049e+03	 6.409119e-01	 6.014248e-01
 5.510316e+03	 6.263335e-01	 5.876914e-01
 5.661626e+03	 6.120701e-01	 5.742567e-01
 5.817091e+03	 5.981158e-01	 5.611148e-01
 5.976826e+03	 5.844643e-01	 5.482598e-01
 6.140946e+03	 5.711098e-01	 5.356862e-01
 6.309573e+03	 5.580464e-01	 5.233882e-01
 6.482831e+03	 5.452683e-01	 5.113604e-01
 6.660846e+03	 5.327698e-01	 4.995972e-01
 6.843750e+03	 5.205453e-01	 4.880934e-01
 7.031676e+03	 5.085893e-01	 4.768437e-01
 7.224762e+03	 4.968964e-01	 4.658428e-01
 7.423150e+03	 4.854612e-01	 4.550857e-01
 7.626986e+03	 4.742785e-01	 4.445675e-01
 7.836419e+03	 4.633432e-01	 4.342831e-01
 8.051603e+03	 4.526501e-01	 4.242277e-01
 8.272696e+03	 4.421944e-01	 4.143966e-01
 8.499860e+03	 4.319711e-01	 4.047852e-01
 8.733262e+03	 4.219753e-01	 3.953888e-01
 8.973072e+03	 4.122024e-01	 3.862029e-01
 9.219468e+03	 4.026478e-01	 3.772232e-01
 9.472630e+03	 3.933068e-01	 3.684452e-01
 9.732744e+03	 3.841750e-01	 3.598647e-01
 1.000000e+04	 3.752480e-01	 3.514776e-01
