 1.000000e+01	 0.000000e+00	 0.000000e+00
 1.027459e+01	 8.793005e-02	 0.000000e+00
 1.055673e+01	 2.076357e-01	 0.000000e+00
 1.084661e+01	 3.336536e-01	 0.000000e+00
 1.114445e+01	 4.651716e-01	 0.000000e+00
 1.145048e+01	 6.014386e-01	 6.314274e-02
 1.176490e+01	 7.729310e-01	 1.650826e-01
 1.208796e+01	 9.653305e-01	 2.724504e-01
 1.241989e+01	 1.163124e+00	 3.845356e-01
 1.276093e+01	 1.390397e+00	 5.006808e-01
 1.311134e+01	 1.642238e+00	 6.202782e-01
 1.347137e+01	 1.899421e+00	 7.427658e-01
 1.384129e+01	 2.160916e+00	 8.676244e-01
 1.422136e+01	 2.425769e+00	 9.943741e-01
 1.461187e+01	 2.693101e+00	 1.122572e+00
 1.501311e+01	 2.962099e+00	 1.251808e+00
 1.542536e+01	 3.232014e+00	 1.396242e+00
 1.584893e+01	 3.502152e+00	 1.558906e+00
 1.628414e+01	 3.771875e+00	 1.723287e+00
 1.673129e+01	 4.040594e+00	 1.888849e+00
 1.719072e+01	 4.307766e+00	 2.055098e+00
 1.766277e+01	 4.572891e+00	 2.221581e+00
 1.814778e+01	 4.846207e+00	 2.387875e+00
 1.864611e+01	 5.130308e+00	 2.559279e+00
 1.915812e+01	 5.412374e+00	 2.749344e+00
 1.968419e+01	 5.691867e+00	 2.939504e+00
 2.022471e+01	 5.968291e+00	 3.129262e+00
 2.078007e+01	 6.241190e+00	 3.318158e+00
 2.135068e+01	 6.510145e+00	 3.505770e+00
 2.193696e+01	 6.774774e+00	 3.691712e+00
 2.253934e+01	 7.034724e+00	 3.875626e+00
 2.315826e+01	 7.289676e+00	 4.057186e+00
 2.379417e+01	 7.553668e+00	 4.236095e+00
 2.444755e+01	 7.813756e+00	 4.412077e+00
 2.511886e+01	 8.068793e+00	 4.584885e+00
 2.580862e+01	 8.318447e+00	 4.754291e+00
 2.651731e+01	 8.562418e+00	 4.920088e+00
 2.724546e+01	 8.800432e+00	 5.082089e+00
 2.799360e+01	 9.032244e+00	 5.240124e+00
 2.876229e+01	 9.257631e+00	 5.394042e+00
 2.955209e+01	 9.476396e+00	 5.543706e+00
 3.036358e+01	 9.688362e+00	 5.688994e+00
 3.119735e+01	 9.893372e+00	 5.829797e+00
 3.205401e+01	 1.009129e+01	 5.966022e+00
 3.293420e+01	 1.028200e+01	 6.097584e+00
 3.383855e+01	 1.046540e+01	 6.224414e+00
 3.476774e+01	 1.064140e+01	 6.346450e+00
 3.572245e+01	 1.080994e+01	 6.463643e+00
 3.670336e+01	 1.097095e+01	 6.575952e+00
 3.771122e+01	 1.112441e+01	 6.683346e+00
 3.874675e+01	 1.127027e+01	 6.785802e+00
 3.981072e+01	 1.140853e+01	 6.883306e+00
 4.090390e+01	 1.153917e+01	 6.975851e+00
 4.202710e+01	 1.166222e+01	 7.063438e+00
 4.318114e+01	 1.177768e+01	 7.146075e+00
 4.436687e+01	 1.188558e+01	 7.223777e+00
 4.558516e+01	 1.198596e+01	 7.296563e+00
 4.683691e+01	 1.207886e+01	 7.364462e+00
 4.812303e+01	 1.216435e+01	 7.428780e+00
 4.944446e+01	 1.224248e+01	 7.492065e+00
 5.080218e+01	 1.231334e+01	 7.550821e+00
 5.219718e+01	 1.237698e+01	 7.605055e+00
 5.363049e+01	 1.243351e+01	 7.654782e+00
 5.510316e+01	 1.248301e+01	 7.700025e+00
 5.661626e+01	 1.252558e+01	 7.740814e+00
 5.817091e+01	 1.256134e+01	 7.777186e+00
 5.976826e+01	 1.259038e+01	 7.809182e+00
 6.140946e+01	 1.261282e+01	 7.836853e+00
 6.309573e+01	 1.262880e+01	 7.860251e+00
 6.482831e+01	 1.263842e+01	 7.879437e+00
 6.660846e+01	 1.264182e+01	 7.894474e+00
 6.843750e+01	 1.263913e+01	 7.905431e+00
 7.031676e+01	 1.263050e+01	 7.912380e+00
 7.224762e+01	 1.261606e+01	 7.915398e+00
 7.423150e+01	 1.259596e+01	 7.914565e+00
 7.626986e+01	 1.257033e+01	 7.909962e+00
 7.836419e+01	 1.253934e+01	 7.901677e+00
 8.051603e+01	 1.250313e+01	 7.889797e+00
 8.272696e+01	 1.246185e+01	 7.874413e+00
 8.499860e+01	 1.241567e+01	 7.855617e+00
 8.733262e+01	 1.236472e+01	 7.833506e+00
 8.973072e+01	 1.230918e+01	 7.808173e+00
 9.219468e+01	 1.224920e+01	 7.779718e+00
 9.472630e+01	 1.218494e+01	 7.748239e+00
 9.732744e+01	 1.211655e+01	 7.713834e+00
 1.000000e+02	 1.204420e+01	 7.676605e+00
 1.027459e+02	 1.196803e+01	 7.636652e+00
 1.055673e+02	 1.188822e+01	 7.594076e+00
 1.084661e+02	 1.180492e+01	 7.548979e+00
 1.114445e+02	 1.171827e+01	 7.501741e+00
 1.145048e+02	 1.162845e+01	 7.453013e+00
 1.176490e+02	 1.153560e+01	 7.402114e+00
 1.208796e+02	 1.143987e+01	 7.349137e+00
 1.241989e+02	 1.134142e+01	 7.294171e+00
 1.276093e+02	 1.124039e+01	 7.237308e+00
 1.311134e+02	 1.113693e+01	 7.178638e+00
 1.347137e+02	 1.103119e+01	 7.118251e+00
 1.384129e+02	 1.092331e+01	 7.056236e+00
 1.422136e+02	 1.081343e+01	 6.992683e+00
 1.461187e+02	 1.070168e+01	 6.927678e+00
 1.501311e+02	 1.058977e+01	 6.861310e+00
 1.542536e+02	 1.047671e+01	 6.793663e+00
 1.584893e+02	 1.036229e+01	 6.724821e+00
 1.628414e+02	 1.024661e+01	 6.654869e+00
 1.673129e+02	 1.012980e+01	 6.583887e+00
 1.719072e+02	 1.001195e+01	 6.511956e+00
 1.766277e+02	 9.893181e+00	 6.439154e+00
 1.814778e+02	 9.773591e+00	 6.365558e+00
 1.864611e+02	 9.653284e+00	 6.291244e+00
 1.915812e+02	 9.532360e+00	 6.216284e+00
 1.968419e+02	 9.410915e+00	 6.140750e+00
 2.022471e+02	 9.289045e+00	 6.064712e+00
 2.078007e+02	 9.167081e+00	 5.988237e+00
 2.135068e+02	 9.045026e+00	 5.911392e+00
 2.193696e+02	 8.922832e+00	 5.834240e+00
 2.253934e+02	 8.800580e+00	 5.756843e+00
 2.315826e+02	 8.678348e+00	 5.679260e+00
 2.379417e+02	 8.556211e+00	 5.601551e+00
 2.444755e+02	 8.434243e+00	 5.523770e+00
 2.511886e+02	 8.312513e+00	 5.445972e+00
 2.580862e+02	 8.191088e+00	 5.368208e+00
 2.651731e+02	 8.070034e+00	 5.290528e+00
 2.724546e+02	 7.949413e+00	 5.212981e+00
 2.799360e+02	 7.829284e+00	 5.135613e+00
 2.876229e+02	 7.709703e+00	 5.058467e+00
 2.955209e+02	 7.590726e+00	 4.981585e+00
 3.036358e+02	 7.472403e+00	 4.905009e+00
 3.119735e+02	 7.354784e+00	 4.828776e+00
 3.205401e+02	 7.237915e+00	 4.752924e+00
 3.293420e+02	 7.121840e+00	 4.677486e+00
 3.383855e+02	 7.006602e+00	 4.602497e+00
 3.476774e+02	 6.892239e+00	 4.527987e+00
 3.572245e+02	 6.778788e+00	 4.453986e+00
 3.670336e+02	 6.666285e+00	 4.380522e+00
 3.771122e+02	 6.554762e+00	 4.307622e+00
 3.874675e+02	 6.444249e+00	 4.235311e+00
 3.981072e+02	 6.334775e+00	 4.163611e+00
 4.090390e+02	 6.226366e+00	 4.092545e+00
 4.202710e+02	 6.119045e+00	 4.022133e+00
 4.318114e+02	 6.012837e+00	 3.952394e+00
 4.436687e+02	 5.907761e+00	 3.883345e+00
 4.558516e+02	 5.803836e+00	 3.815004e+00
 4.683691e+02	 5.701079e+00	 3.747384e+00
 4.812303e+02	 5.599505e+00	 3.680500e+00
 4.944446e+02	 5.499129e+00	 3.614364e+00
 5.080218e+02	 5.399961e+00	 3.548987e+00
 5.219718e+02	 5.302014e+00	 3.484381e+00
 5.363049e+02	 5.205297e+00	 3.420553e+00
 5.510316e+02	 5.109816e+00	 3.357513e+00
 5.661626e+02	 5.015580e+00	 3.295267e+00
 5.817091e+02	 4.922592e+00	 3.233821e+00
 5.976826e+02	 4.830858e+00	 3.173182e+00
 6.140946e+02	 4.740381e+00	 3.113352e+00
 6.309573e+02	 4.651161e+00	 3.054337e+00
 6.482831e+02	 4.563201e+00	 2.996138e+00
 6.660846e+02	 4.476499e+00	 2.938757e+00
 6.843750e+02	 4.391055e+00	 2.882197e+00
 7.031676e+02	 4.306867e+00	 2.826456e+00
 7.224762e+02	 4.223932e+00	 2.771536e+00
 7.423150e+02	 4.142245e+00	 2.717435e+00
 7.626986e+02	 4.061804e+00	 2.664152e+00
 7.836419e+02	 3.982602e+00	 2.611686e+00
 8.051603e+02	 3.904634e+00	 2.560032e+00
 8.272696e+02	 3.827894e+00	 2.509190e+00
 8.499860e+02	 3.752373e+00	 2.459154e+00
 8.733262e+02	 3.678065e+00	 2.409922e+00
 8.973072e+02	 3.604962e+00	 2.361488e+00
 9.219468e+02	 3.533054e+00	 2.313848e+00
 9.472630e+02	 3.462333e+00	 2.266996e+00
 9.732744e+02	 3.392788e+00	 2.220928e+00
 1.000000e+03	 3.324411e+00	 2.175637e+00
 1.027459e+03	 3.257191e+00	 2.131117e+00
 1.055673e+03	 3.191116e+00	 2.087361e+00
 1.084661e+03	 3.126177e+00	 2.044363e+00
 1.114445e+03	 3.062361e+00	 2.002116e+00
 1.145048e+03	 2.999658e+00	 1.960612e+00
 1.176490e+03	 2.938055e+00	 1.919844e+00
 1.208796e+03	 2.877540e+00	 1.879805e+00
 1.241989e+03	 2.818101e+00	 1.840486e+00
 1.276093e+03	 2.759727e+00	 1.801879e+00
 1.311134e+03	 2.702403e+00	 1.763976e+00
 1.347137e+03	 2.646118e+00	 1.726769e+00
 1.384129e+03	 2.590859e+00	 1.690250e+00
 1.422136e+03	 2.536612e+00	 1.654410e+00
 1.461187e+03	 2.483365e+00	 1.619240e+00
 1.501311e+03	 2.431105e+00	 1.584732e+00
 1.542536e+03	 2.379819e+00	 1.550877e+00
 1.584893e+03	 2.329493e+00	 1.517666e+00
 1.628414e+03	 2.280114e+00	 1.485090e+00
 1.673129e+03	 2.231669e+00	 1.453140e+00
 1.719072e+03	 2.184144e+00	 1.421808e+00
 1.766277e+03	 2.137527e+00	 1.391084e+00
 1.814778e+03	 2.091804e+00	 1.360959e+00
 1.864611e+03	 2.046963e+00	 1.331425e+00
 1.915812e+03	 2.002988e+00	 1.302473e+00
 1.968419e+03	 1.959869e+00	 1.274093e+00
 2.022471e+03	 1.917591e+00	 1.246277e+00
 2.078007e+03	 1.876141e+00	 1.219016e+00
 2.135068e+03	 1.835507e+00	 1.192301e+00
 2.193696e+03	 1.795676e+00	 1.166123e+00
 2.253934e+03	 1.756638e+00	 1.140473e+00
 2.315826e+03	 1.718378e+00	 1.115343e+00
 2.379417e+03	 1.680882e+00	 1.090724e+00
 2.444755e+03	 1.644137e+00	 1.066607e+00
 2.511886e+03	 1.608132e+00	 1.042984e+00
 2.580862e+03	 1.572854e+00	 1.019847e+00
 2.651731e+03	 1.538291e+00	 9.971865e-01
 2.724546e+03	 1.504430e+00	 9.749948e-01
 2.799360e+03	 1.471259e+00	 9.532635e-01
 2.876229e+03	 1.438767e+00	 9.319845e-01
 2.955209e+03	 1.406942e+00	 9.111497e-01
 3.036358e+03	 1.375771e+00	 8.907511e-01
 3.119735e+03	 1.345244e+00	 8.707808e-01
 3.205401e+03	 1.315348e+00	 8.512309e-01
 3.293420e+03	 1.286073e+00	 8.320938e-01
 3.383855e+03	 1.257408e+00	 8.133617e-01
 3.476774e+03	 1.229341e+00	 7.950272e-01
 3.572245e+03	 1.201861e+00	 7.770828e-01
 3.670336e+03	 1.174958e+00	 7.595211e-01
 3.771122e+03	 1.148621e+00	 7.423349e-01
 3.874675e+03	 1.122839e+00	 7.255171e-01
 3.981072e+03	 1.097602e+00	 7.090605e-01
 4.090390e+03	 1.072901e+00	 6.929582e-01
 4.202710e+03	 1.048724e+00	 6.772034e-01
 4.318114e+03	 1.025062e+00	 6.617893e-01
 4.436687e+03	 1.001904e+00	 6.467092e-01
 4.558516e+03	 9.792426e-01	 6.319566e-01
 4.683691e+03	 9.570667e-01	 6.175250e-01
 4.812303e+03	 9.353673e-01	 6.034080e-01
 4.944446e+03	 9.141350e-01	 5.895994e-01
 5.080218e+03	 8.933608e-01	 5.760930e-01
 5.219718e+03	 8.730358e-01	 5.628827e-01
 5.363049e+03	 8.531510e-01	 5.499626e-01
 5.510316e+03	 8.336979e-01	 5.373269e-01
 5.661626e+03	 8.146679e-01	 5.249696e-01
 5.817091e+03	 7.960525e-01	 5.128853e-01
 5.976826e+03	 7.778434e-01	 5.010682e-01
 6.140946e+03	 7.600326e-01	 4.895129e-01
 6.309573e+03	 7.426121e-01	 4.782140e-01
 6.482831e+03	 7.255738e-01	 4.671663e-01
 6.660846e+03	 7.089102e-01	 4.563644e-01
 6.843750e+03	 6.926135e-01	 4.458034e-01
 7.031676e+03	 6.766764e-01	 4.354781e-01
 7.224762e+03	 6.610914e-01	 4.253837e-01
 7.423150e+03	 6.458513e-01	 4.155153e-01
 7.626986e+03	 6.309491e-01	 4.058681e-01
 7.836419e+03	 6.163777e-01	 3.964375e-01
 8.051603e+03	 6.021303e-01	 3.872190e-01
 8.272696e+03	 5.882001e-01	 3.782079e-01
 8.499860e+03	 5.745806e-01	 3.694000e-01
 8.733262e+03	 5.612653e-01	 3.607908e-01
 8.973072e+03	 5.482478e-01	 3.523762e-01
 9.219468e+03	 5.355218e-01	 3.441519e-01
 9.472630e+03	 5.230813e-01	 3.361139e-01
 9.732744e+03	 5.109201e-01	 3.282582e-01
 1.000000e+04	 4.990324e-01	 3.205809e-01
