 1.000000e+01	 6.142667e-02	 8.660073e-02
 1.027459e+01	 1.257237e-01	 1.531051e-01
 1.055673e+01	 1.932668e-01	 2.227394e-01
 1.084661e+01	 2.654257e-01	 2.950887e-01
 1.114445e+01	 3.895578e-01	 3.697689e-01
 1.145048e+01	 5.281828e-01	 4.464247e-01
 1.176490e+01	 7.115133e-01	 5.247275e-01
 1.208796e+01	 9.014945e-01	 6.155767e-01
 1.241989e+01	 1.097140e+00	 7.414557e-01
 1.276093e+01	 1.297536e+00	 8.707169e-01
 1.311134e+01	 1.501840e+00	 1.002786e+00
 1.347137e+01	 1.709272e+00	 1.150051e+00
 1.384129e+01	 1.952556e+00	 1.326140e+00
 1.422136e+01	 2.249710e+00	 1.505770e+00
 1.461187e+01	 2.554316e+00	 1.688225e+00
 1.501311e+01	 2.863453e+00	 1.872846e+00
 1.542536e+01	 3.175989e+00	 2.059022e+00
 1.584893e+01	 3.490877e+00	 2.246191e+00
 1.628414e+01	 3.807155e+00	 2.433832e+00
 1.673129e+01	 4.123933e+00	 2.621466e+00
 1.719072e+01	 4.440392e+00	 2.808651e+00
 1.766277e+01	 4.755778e+00	 2.994979e+00
 1.814778e+01	 5.069397e+00	 3.180074e+00
 1.864611e+01	 5.380610e+00	 3.363591e+00
 1.915812e+01	 5.688832e+00	 3.545212e+00
 1.968419e+01	 5.993522e+00	 3.724644e+00
 2.022471e+01	 6.294189e+00	 3.920537e+00
 2.078007e+01	 6.590377e+00	 4.120181e+00
 2.135068e+01	 6.881675e+00	 4.336485e+00
 2.193696e+01	 7.180694e+00	 4.555389e+00
 2.253934e+01	 7.480107e+00	 4.772829e+00
 2.315826e+01	 7.774515e+00	 4.988302e+00
 2.379417e+01	 8.073815e+00	 5.201352e+00
 2.444755e+01	 8.373173e+00	 5.411556e+00
 2.511886e+01	 8.667163e+00	 5.618533e+00
 2.580862e+01	 8.955349e+00	 5.821932e+00
 2.651731e+01	 9.237334e+00	 6.021434e+00
 2.724546e+01	 9.512761e+00	 6.216750e+00
 2.799360e+01	 9.781305e+00	 6.407619e+00
 2.876229e+01	 1.004268e+01	 6.593805e+00
 2.955209e+01	 1.029662e+01	 6.775094e+00
 3.036358e+01	 1.054289e+01	 6.951297e+00
 3.119735e+01	 1.078130e+01	 7.122244e+00
 3.205401e+01	 1.101165e+01	 7.287786e+00
 3.293420e+01	 1.123380e+01	 7.447792e+00
 3.383855e+01	 1.144761e+01	 7.602148e+00
 3.476774e+01	 1.165297e+01	 7.750755e+00
 3.572245e+01	 1.184979e+01	 7.893530e+00
 3.670336e+01	 1.203798e+01	 8.030405e+00
 3.771122e+01	 1.221751e+01	 8.161325e+00
 3.874675e+01	 1.238831e+01	 8.286248e+00
 3.981072e+01	 1.255037e+01	 8.405142e+00
 4.090390e+01	 1.270368e+01	 8.517988e+00
 4.202710e+01	 1.284825e+01	 8.624778e+00
 4.318114e+01	 1.298409e+01	 8.725513e+00
 4.436687e+01	 1.311123e+01	 8.820204e+00
 4.558516e+01	 1.322971e+01	 8.908871e+00
 4.683691e+01	 1.333958e+01	 8.991541e+00
 4.812303e+01	 1.344092e+01	 9.068251e+00
 4.944446e+01	 1.353379e+01	 9.139045e+00
 5.080218e+01	 1.361828e+01	 9.203974e+00
 5.219718e+01	 1.369447e+01	 9.263096e+00
 5.363049e+01	 1.376248e+01	 9.316474e+00
 5.510316e+01	 1.382240e+01	 9.364179e+00
 5.661626e+01	 1.387436e+01	 9.406286e+00
 5.817091e+01	 1.391848e+01	 9.442876e+00
 5.976826e+01	 1.395489e+01	 9.474036e+00
 6.140946e+01	 1.398372e+01	 9.499856e+00
 6.309573e+01	 1.400512e+01	 9.520430e+00
 6.482831e+01	 1.401923e+01	 9.535858e+00
 6.660846e+01	 1.402620e+01	 9.546243e+00
 6.843750e+01	 1.402620e+01	 9.551690e+00
 7.031676e+01	 1.401938e+01	 9.552309e+00
 7.224762e+01	 1.400591e+01	 9.550330e+00
 7.423150e+01	 1.398595e+01	 9.544271e+00
 7.626986e+01	 1.395968e+01	 9.533835e+00
 7.836419e+01	 1.392727e+01	 9.519118e+00
 8.051603e+01	 1.388889e+01	 9.500225e+00
 8.272696e+01	 1.384473e+01	 9.477261e+00
 8.499860e+01	 1.379496e+01	 9.450334e+00
 8.733262e+01	 1.373976e+01	 9.419556e+00
 8.973072e+01	 1.367932e+01	 9.385039e+00
 9.219468e+01	 1.361382e+01	 9.346898e+00
 9.472630e+01	 1.354343e+01	 9.306522e+00
 9.732744e+01	 1.346835e+01	 9.263083e+00
 1.000000e+02	 1.338876e+01	 9.216437e+00
 1.027459e+02	 1.330483e+01	 9.166690e+00
 1.055673e+02	 1.321676e+01	 9.113951e+00
 1.084661e+02	 1.312471e+01	 9.058330e+00
 1.114445e+02	 1.302888e+01	 8.999938e+00
 1.145048e+02	 1.292943e+01	 8.938886e+00
 1.176490e+02	 1.282655e+01	 8.875285e+00
 1.208796e+02	 1.272041e+01	 8.809249e+00
 1.241989e+02	 1.261118e+01	 8.740887e+00
 1.276093e+02	 1.249904e+01	 8.670312e+00
 1.311134e+02	 1.238414e+01	 8.597635e+00
 1.347137e+02	 1.226666e+01	 8.522964e+00
 1.384129e+02	 1.214676e+01	 8.446410e+00
 1.422136e+02	 1.202460e+01	 8.368080e+00
 1.461187e+02	 1.190034e+01	 8.288080e+00
 1.501311e+02	 1.177578e+01	 8.206515e+00
 1.542536e+02	 1.164979e+01	 8.123490e+00
 1.584893e+02	 1.152224e+01	 8.039105e+00
 1.628414e+02	 1.139326e+01	 7.953462e+00
 1.673129e+02	 1.126300e+01	 7.866657e+00
 1.719072e+02	 1.113157e+01	 7.778787e+00
 1.766277e+02	 1.099909e+01	 7.689946e+00
 1.814778e+02	 1.086568e+01	 7.600226e+00
 1.864611e+02	 1.073146e+01	 7.509717e+00
 1.915812e+02	 1.059655e+01	 7.418505e+00
 1.968419e+02	 1.046105e+01	 7.326676e+00
 2.022471e+02	 1.032508e+01	 7.234312e+00
 2.078007e+02	 1.018898e+01	 7.141494e+00
 2.135068e+02	 1.005276e+01	 7.048299e+00
 2.193696e+02	 9.916373e+00	 6.954804e+00
 2.253934e+02	 9.779927e+00	 6.861080e+00
 2.315826e+02	 9.643507e+00	 6.767199e+00
 2.379417e+02	 9.507197e+00	 6.673228e+00
 2.444755e+02	 9.371081e+00	 6.579233e+00
 2.511886e+02	 9.235236e+00	 6.485278e+00
 2.580862e+02	 9.099741e+00	 6.391422e+00
 2.651731e+02	 8.964667e+00	 6.297725e+00
 2.724546e+02	 8.830084e+00	 6.204241e+00
 2.799360e+02	 8.696060e+00	 6.111026e+00
 2.876229e+02	 8.562659e+00	 6.018129e+00
 2.955209e+02	 8.429940e+00	 5.925600e+00
 3.036358e+02	 8.297963e+00	 5.833486e+00
 3.119735e+02	 8.166782e+00	 5.741831e+00
 3.205401e+02	 8.036450e+00	 5.650678e+00
 3.293420e+02	 7.907015e+00	 5.560066e+00
 3.383855e+02	 7.778525e+00	 5.470033e+00
 3.476774e+02	 7.651024e+00	 5.380616e+00
 3.572245e+02	 7.524552e+00	 5.291849e+00
 3.670336e+02	 7.399148e+00	 5.203763e+00
 3.771122e+02	 7.274850e+00	 5.116388e+00
 3.874675e+02	 7.151689e+00	 5.029753e+00
 3.981072e+02	 7.029699e+00	 4.943885e+00
 4.090390e+02	 6.908908e+00	 4.858807e+00
 4.202710e+02	 6.789343e+00	 4.774544e+00
 4.318114e+02	 6.671030e+00	 4.691115e+00
 4.436687e+02	 6.553989e+00	 4.608541e+00
 4.558516e+02	 6.438243e+00	 4.526840e+00
 4.683691e+02	 6.323810e+00	 4.446029e+00
 4.812303e+02	 6.210707e+00	 4.366122e+00
 4.944446e+02	 6.098949e+00	 4.287134e+00
 5.080218e+02	 5.988549e+00	 4.209076e+00
 5.219718e+02	 5.879519e+00	 4.131961e+00
 5.363049e+02	 5.771868e+00	 4.055797e+00
 5.510316e+02	 5.665607e+00	 3.980594e+00
 5.661626e+02	 5.560740e+00	 3.906359e+00
 5.817091e+02	 5.457275e+00	 3.833098e+00
 5.976826e+02	 5.355215e+00	 3.760817e+00
 6.140946e+02	 5.254564e+00	 3.689519e+00
 6.309573e+02	 5.155322e+00	 3.619209e+00
 6.482831e+02	 5.057492e+00	 3.549888e+00
 6.660846e+02	 4.961071e+00	 3.481558e+00
 6.843750e+02	 4.866059e+00	 3.414219e+00
 7.031676e+02	 4.772454e+00	 3.347872e+00
 7.224762e+02	 4.680251e+00	 3.282516e+00
 7.423150e+02	 4.589446e+00	 3.218148e+00
 7.626986e+02	 4.500034e+00	 3.154766e+00
 7.836419e+02	 4.412009e+00	 3.092368e+00
 8.051603e+02	 4.325363e+00	 3.030949e+00
 8.272696e+02	 4.240091e+00	 2.970506e+00
 8.499860e+02	 4.156183e+00	 2.911033e+00
 8.733262e+02	 4.073630e+00	 2.852526e+00
 8.973072e+02	 3.992424e+00	 2.794977e+00
 9.219468e+02	 3.912553e+00	 2.738382e+00
 9.472630e+02	 3.834009e+00	 2.682733e+00
 9.732744e+02	 3.756779e+00	 2.628023e+00
 1.000000e+03	 3.680853e+00	 2.574245e+00
 1.027459e+03	 3.606218e+00	 2.521390e+00
 1.055673e+03	 3.532863e+00	 2.469451e+00
 1.084661e+03	 3.460775e+00	 2.418419e+00
 1.114445e+03	 3.389941e+00	 2.368286e+00
 1.145048e+03	 3.320348e+00	 2.319041e+00
 1.176490e+03	 3.251983e+00	 2.270677e+00
 1.208796e+03	 3.184832e+00	 2.223182e+00
 1.241989e+03	 3.118881e+00	 2.176549e+00
 1.276093e+03	 3.054117e+00	 2.130766e+00
 1.311134e+03	 2.990525e+00	 2.085824e+00
 1.347137e+03	 2.928090e+00	 2.041713e+00
 1.384129e+03	 2.866799e+00	 1.998422e+00
 1.422136e+03	 2.806636e+00	 1.955940e+00
 1.461187e+03	 2.747587e+00	 1.914258e+00
 1.501311e+03	 2.689638e+00	 1.873365e+00
 1.542536e+03	 2.632773e+00	 1.833250e+00
 1.584893e+03	 2.576977e+00	 1.793902e+00
 1.628414e+03	 2.522236e+00	 1.755311e+00
 1.673129e+03	 2.468535e+00	 1.717466e+00
 1.719072e+03	 2.415859e+00	 1.680355e+00
 1.766277e+03	 2.364193e+00	 1.643969e+00
 1.814778e+03	 2.313522e+00	 1.608296e+00
 1.864611e+03	 2.263831e+00	 1.573325e+00
 1.915812e+03	 2.215105e+00	 1.539047e+00
 1.968419e+03	 2.167330e+00	 1.505449e+00
 2.022471e+03	 2.120491e+00	 1.472521e+00
 2.078007e+03	 2.074574e+00	 1.440252e+00
 2.135068e+03	 2.029563e+00	 1.408633e+00
 2.193696e+03	 1.985445e+00	 1.377652e+00
 2.253934e+03	 1.942209e+00	 1.347298e+00
 2.315826e+03	 1.899836e+00	 1.317562e+00
 2.379417e+03	 1.858312e+00	 1.288432e+00
 2.444755e+03	 1.817624e+00	 1.259899e+00
 2.511886e+03	 1.777758e+00	 1.231953e+00
 2.580862e+03	 1.738698e+00	 1.204582e+00
 2.651731e+03	 1.700433e+00	 1.177778e+00
 2.724546e+03	 1.662948e+00	 1.151529e+00
 2.799360e+03	 1.626229e+00	 1.125827e+00
 2.876229e+03	 1.590264e+00	 1.100662e+00
 2.955209e+03	 1.555039e+00	 1.076023e+00
 3.036358e+03	 1.520540e+00	 1.051902e+00
 3.119735e+03	 1.486756e+00	 1.028288e+00
 3.205401e+03	 1.453673e+00	 1.005173e+00
 3.293420e+03	 1.421279e+00	 9.825471e-01
 3.383855e+03	 1.389560e+00	 9.604014e-01
 3.476774e+03	 1.358506e+00	 9.387269e-01
 3.572245e+03	 1.328103e+00	 9.175146e-01
 3.670336e+03	 1.298339e+00	 8.967559e-01
 3.771122e+03	 1.269204e+00	 8.764420e-01
 3.874675e+03	 1.240684e+00	 8.565644e-01
 3.981072e+03	 1.212769e+00	 8.371148e-01
 4.090390e+03	 1.185446e+00	 8.180848e-01
 4.202710e+03	 1.158706e+00	 7.994663e-01
 4.318114e+03	 1.132536e+00	 7.812513e-01
 4.436687e+03	 1.106926e+00	 7.634317e-01
 4.558516e+03	 1.081865e+00	 7.459998e-01
 4.683691e+03	 1.057342e+00	 7.289480e-01
 4.812303e+03	 1.033347e+00	 7.122686e-01
 4.944446e+03	 1.009870e+00	 6.959542e-01
 5.080218e+03	 9.869005e-01	 6.799975e-01
 5.219718e+03	 9.644284e-01	 6.643912e-01
 5.363049e+03	 9.424441e-01	 6.491283e-01
 5.510316e+03	 9.209377e-01	 6.342019e-01
 5.661626e+03	 8.999000e-01	 6.196050e-01
 5.817091e+03	 8.793214e-01	 6.053309e-01
 5.976826e+03	 8.591928e-01	 5.913730e-01
 6.140946e+03	 8.395052e-01	 5.777248e-01
 6.309573e+03	 8.202495e-01	 5.643799e-01
 6.482831e+03	 8.014172e-01	 5.513320e-01
 6.660846e+03	 7.829995e-01	 5.385749e-01
 6.843750e+03	 7.649881e-01	 5.261026e-01
 7.031676e+03	 7.473746e-01	 5.139091e-01
 7.224762e+03	 7.301508e-01	 5.019886e-01
 7.423150e+03	 7.133087e-01	 4.903353e-01
 7.626986e+03	 6.968405e-01	 4.789436e-01
 7.836419e+03	 6.807383e-01	 4.678080e-01
 8.051603e+03	 6.649947e-01	 4.569230e-01
 8.272696e+03	 6.496021e-01	 4.462833e-01
 8.499860e+03	 6.345531e-01	 4.358837e-01
 8.733262e+03	 6.198407e-01	 4.257190e-01
 8.973072e+03	 6.054577e-01	 4.157843e-01
 9.219468e+03	 5.913972e-01	 4.060746e-01
 9.472630e+03	 5.776523e-01	 3.965850e-01
 9.732744e+03	 5.642165e-01	 3.873109e-01
 1.000000e+04	 5.510831e-01	 3.782475e-01
