 1.000000e+01	 3.706966e-01	 3.176502e-01
 1.027459e+01	 4.469520e-01	 3.910254e-01
 1.055673e+01	 5.249927e-01	 4.663253e-01
 1.084661e+01	 6.045303e-01	 5.432535e-01
 1.114445e+01	 6.852978e-01	 6.215356e-01
 1.145048e+01	 7.670482e-01	 7.009175e-01
 1.176490e+01	 8.495527e-01	 7.811642e-01
 1.208796e+01	 9.325996e-01	 8.620580e-01
 1.241989e+01	 1.015993e+00	 9.433973e-01
 1.276093e+01	 1.099551e+00	 1.024996e+00
 1.311134e+01	 1.195438e+00	 1.106680e+00
 1.347137e+01	 1.312022e+00	 1.188291e+00
 1.384129e+01	 1.490925e+00	 1.269680e+00
 1.422136e+01	 1.745980e+00	 1.350710e+00
 1.461187e+01	 2.022302e+00	 1.431254e+00
 1.501311e+01	 2.306703e+00	 1.511193e+00
 1.542536e+01	 2.597913e+00	 1.590420e+00
 1.584893e+01	 2.894758e+00	 1.668832e+00
 1.628414e+01	 3.196151e+00	 1.746335e+00
 1.673129e+01	 3.501088e+00	 1.822844e+00
 1.719072e+01	 3.808637e+00	 1.898277e+00
 1.766277e+01	 4.119590e+00	 1.972559e+00
 1.814778e+01	 4.448139e+00	 2.045621e+00
 1.864611e+01	 4.778012e+00	 2.117399e+00
 1.915812e+01	 5.108394e+00	 2.187834e+00
 1.968419e+01	 5.438529e+00	 2.256871e+00
 2.022471e+01	 5.767720e+00	 2.324458e+00
 2.078007e+01	 6.095324e+00	 2.390549e+00
 2.135068e+01	 6.432255e+00	 2.455100e+00
 2.193696e+01	 6.770361e+00	 2.518072e+00
 2.253934e+01	 7.106020e+00	 2.592091e+00
 2.315826e+01	 7.438655e+00	 2.667969e+00
 2.379417e+01	 7.767736e+00	 2.742962e+00
 2.444755e+01	 8.092774e+00	 2.818665e+00
 2.511886e+01	 8.413317e+00	 2.916640e+00
 2.580862e+01	 8.728950e+00	 3.018579e+00
 2.651731e+01	 9.039290e+00	 3.133770e+00
 2.724546e+01	 9.343986e+00	 3.265605e+00
 2.799360e+01	 9.642714e+00	 3.400848e+00
 2.876229e+01	 9.935179e+00	 3.536777e+00
 2.955209e+01	 1.022111e+01	 3.672925e+00
 3.036358e+01	 1.050026e+01	 3.808860e+00
 3.119735e+01	 1.077240e+01	 3.944187e+00
 3.205401e+01	 1.103733e+01	 4.078544e+00
 3.293420e+01	 1.129487e+01	 4.211596e+00
 3.383855e+01	 1.154484e+01	 4.343041e+00
 3.476774e+01	 1.178710e+01	 4.472600e+00
 3.572245e+01	 1.202151e+01	 4.600018e+00
 3.670336e+01	 1.225186e+01	 4.725066e+00
 3.771122e+01	 1.248079e+01	 4.847532e+00
 3.874675e+01	 1.270369e+01	 4.967229e+00
 3.981072e+01	 1.291893e+01	 5.083983e+00
 4.090390e+01	 1.312636e+01	 5.197641e+00
 4.202710e+01	 1.332585e+01	 5.308064e+00
 4.318114e+01	 1.351729e+01	 5.415130e+00
 4.436687e+01	 1.370058e+01	 5.518729e+00
 4.558516e+01	 1.387566e+01	 5.618765e+00
 4.683691e+01	 1.404245e+01	 5.715154e+00
 4.812303e+01	 1.420090e+01	 5.807824e+00
 4.944446e+01	 1.435099e+01	 5.896714e+00
 5.080218e+01	 1.449268e+01	 5.981773e+00
 5.219718e+01	 1.462598e+01	 6.064094e+00
 5.363049e+01	 1.475087e+01	 6.145129e+00
 5.510316e+01	 1.486738e+01	 6.222421e+00
 5.661626e+01	 1.497554e+01	 6.295925e+00
 5.817091e+01	 1.507537e+01	 6.365605e+00
 5.976826e+01	 1.516693e+01	 6.431431e+00
 6.140946e+01	 1.525026e+01	 6.493386e+00
 6.309573e+01	 1.532544e+01	 6.551459e+00
 6.482831e+01	 1.539253e+01	 6.605646e+00
 6.660846e+01	 1.545163e+01	 6.655950e+00
 6.843750e+01	 1.550281e+01	 6.702384e+00
 7.031676e+01	 1.554617e+01	 6.744963e+00
 7.224762e+01	 1.558183e+01	 6.783709e+00
 7.423150e+01	 1.560988e+01	 6.818652e+00
 7.626986e+01	 1.563045e+01	 6.849823e+00
 7.836419e+01	 1.564365e+01	 6.877262e+00
 8.051603e+01	 1.564963e+01	 6.901011e+00
 8.272696e+01	 1.564851e+01	 6.921116e+00
 8.499860e+01	 1.564043e+01	 6.937629e+00
 8.733262e+01	 1.562554e+01	 6.950603e+00
 8.973072e+01	 1.560398e+01	 6.960097e+00
 9.219468e+01	 1.557591e+01	 6.967218e+00
 9.472630e+01	 1.554148e+01	 6.971455e+00
 9.732744e+01	 1.550085e+01	 6.972468e+00
 1.000000e+02	 1.545419e+01	 6.970313e+00
 1.027459e+02	 1.540166e+01	 6.965051e+00
 1.055673e+02	 1.534342e+01	 6.956747e+00
 1.084661e+02	 1.527966e+01	 6.945464e+00
 1.114445e+02	 1.521053e+01	 6.931274e+00
 1.145048e+02	 1.513621e+01	 6.914245e+00
 1.176490e+02	 1.505688e+01	 6.894452e+00
 1.208796e+02	 1.497271e+01	 6.871968e+00
 1.241989e+02	 1.488387e+01	 6.846870e+00
 1.276093e+02	 1.479054e+01	 6.819235e+00
 1.311134e+02	 1.469291e+01	 6.789141e+00
 1.347137e+02	 1.459114e+01	 6.756667e+00
 1.384129e+02	 1.448540e+01	 6.721895e+00
 1.422136e+02	 1.437588e+01	 6.684905e+00
 1.461187e+02	 1.426275e+01	 6.645777e+00
 1.501311e+02	 1.414689e+01	 6.604593e+00
 1.542536e+02	 1.402897e+01	 6.561436e+00
 1.584893e+02	 1.390807e+01	 6.516385e+00
 1.628414e+02	 1.378433e+01	 6.469523e+00
 1.673129e+02	 1.365791e+01	 6.420930e+00
 1.719072e+02	 1.352895e+01	 6.370688e+00
 1.766277e+02	 1.339762e+01	 6.318875e+00
 1.814778e+02	 1.326405e+01	 6.265572e+00
 1.864611e+02	 1.312840e+01	 6.210856e+00
 1.915812e+02	 1.299081e+01	 6.154806e+00
 1.968419e+02	 1.285142e+01	 6.097499e+00
 2.022471e+02	 1.271038e+01	 6.039010e+00
 2.078007e+02	 1.256795e+01	 5.979413e+00
 2.135068e+02	 1.242440e+01	 5.918782e+00
 2.193696e+02	 1.227962e+01	 5.857190e+00
 2.253934e+02	 1.213374e+01	 5.794707e+00
 2.315826e+02	 1.198690e+01	 5.731402e+00
 2.379417e+02	 1.183920e+01	 5.667344e+00
 2.444755e+02	 1.169077e+01	 5.602599e+00
 2.511886e+02	 1.154172e+01	 5.537232e+00
 2.580862e+02	 1.139218e+01	 5.471307e+00
 2.651731e+02	 1.124223e+01	 5.404884e+00
 2.724546e+02	 1.109201e+01	 5.338026e+00
 2.799360e+02	 1.094159e+01	 5.270789e+00
 2.876229e+02	 1.079110e+01	 5.203232e+00
 2.955209e+02	 1.064061e+01	 5.135409e+00
 3.036358e+02	 1.049024e+01	 5.067373e+00
 3.119735e+02	 1.034006e+01	 4.999178e+00
 3.205401e+02	 1.019016e+01	 4.930872e+00
 3.293420e+02	 1.004063e+01	 4.862505e+00
 3.383855e+02	 9.891549e+00	 4.794122e+00
 3.476774e+02	 9.742988e+00	 4.725770e+00
 3.572245e+02	 9.595024e+00	 4.657491e+00
 3.670336e+02	 9.447727e+00	 4.589328e+00
 3.771122e+02	 9.301164e+00	 4.521319e+00
 3.874675e+02	 9.155400e+00	 4.453504e+00
 3.981072e+02	 9.010493e+00	 4.385920e+00
 4.090390e+02	 8.866503e+00	 4.318600e+00
 4.202710e+02	 8.723485e+00	 4.251580e+00
 4.318114e+02	 8.581489e+00	 4.184891e+00
 4.436687e+02	 8.440566e+00	 4.118563e+00
 4.558516e+02	 8.300760e+00	 4.052626e+00
 4.683691e+02	 8.162116e+00	 3.987106e+00
 4.812303e+02	 8.024674e+00	 3.922031e+00
 4.944446e+02	 7.888472e+00	 3.857424e+00
 5.080218e+02	 7.753545e+00	 3.793308e+00
 5.219718e+02	 7.619928e+00	 3.729707e+00
 5.363049e+02	 7.487649e+00	 3.666639e+00
 5.510316e+02	 7.356738e+00	 3.604125e+00
 5.661626e+02	 7.227244e+00	 3.542182e+00
 5.817091e+02	 7.099205e+00	 3.480827e+00
 5.976826e+02	 6.972609e+00	 3.420075e+00
 6.140946e+02	 6.847474e+00	 3.359942e+00
 6.309573e+02	 6.723817e+00	 3.300440e+00
 6.482831e+02	 6.601654e+00	 3.241582e+00
 6.660846e+02	 6.480997e+00	 3.183378e+00
 6.843750e+02	 6.361860e+00	 3.125840e+00
 7.031676e+02	 6.244252e+00	 3.068975e+00
 7.224762e+02	 6.128181e+00	 3.012793e+00
 7.423150e+02	 6.013655e+00	 2.957301e+00
 7.626986e+02	 5.900679e+00	 2.902505e+00
 7.836419e+02	 5.789256e+00	 2.848410e+00
 8.051603e+02	 5.679390e+00	 2.795022e+00
 8.272696e+02	 5.571083e+00	 2.742345e+00
 8.499860e+02	 5.464333e+00	 2.690382e+00
 8.733262e+02	 5.359140e+00	 2.639135e+00
 8.973072e+02	 5.255503e+00	 2.588607e+00
 9.219468e+02	 5.153417e+00	 2.538798e+00
 9.472630e+02	 5.052879e+00	 2.489719e+00
 9.732744e+02	 4.953883e+00	 2.441369e+00
 1.000000e+03	 4.856423e+00	 2.393740e+00
 1.027459e+03	 4.760493e+00	 2.346829e+00
 1.055673e+03	 4.666085e+00	 2.300636e+00
 1.084661e+03	 4.573189e+00	 2.255169e+00
 1.114445e+03	 4.481797e+00	 2.210418e+00
 1.145048e+03	 4.391899e+00	 2.166377e+00
 1.176490e+03	 4.303485e+00	 2.123043e+00
 1.208796e+03	 4.216542e+00	 2.080411e+00
 1.241989e+03	 4.131060e+00	 2.038478e+00
 1.276093e+03	 4.047026e+00	 1.997238e+00
 1.311134e+03	 3.964428e+00	 1.956687e+00
 1.347137e+03	 3.883252e+00	 1.916819e+00
 1.384129e+03	 3.803485e+00	 1.877629e+00
 1.422136e+03	 3.725112e+00	 1.839111e+00
 1.461187e+03	 3.648120e+00	 1.801260e+00
 1.501311e+03	 3.572493e+00	 1.764068e+00
 1.542536e+03	 3.498218e+00	 1.727530e+00
 1.584893e+03	 3.425278e+00	 1.691640e+00
 1.628414e+03	 3.353658e+00	 1.656389e+00
 1.673129e+03	 3.283343e+00	 1.621772e+00
 1.719072e+03	 3.214317e+00	 1.587782e+00
 1.766277e+03	 3.146564e+00	 1.554410e+00
 1.814778e+03	 3.080067e+00	 1.521651e+00
 1.864611e+03	 3.014810e+00	 1.489496e+00
 1.915812e+03	 2.950777e+00	 1.457938e+00
 1.968419e+03	 2.887952e+00	 1.426969e+00
 2.022471e+03	 2.826318e+00	 1.396583e+00
 2.078007e+03	 2.765858e+00	 1.366770e+00
 2.135068e+03	 2.706556e+00	 1.337524e+00
 2.193696e+03	 2.648396e+00	 1.308837e+00
 2.253934e+03	 2.591364e+00	 1.280700e+00
 2.315826e+03	 2.535440e+00	 1.253107e+00
 2.379417e+03	 2.480607e+00	 1.226048e+00
 2.444755e+03	 2.426848e+00	 1.199517e+00
 2.511886e+03	 2.374148e+00	 1.173505e+00
 2.580862e+03	 2.322490e+00	 1.148005e+00
 2.651731e+03	 2.271857e+00	 1.123008e+00
 2.724546e+03	 2.222233e+00	 1.098508e+00
 2.799360e+03	 2.173602e+00	 1.074495e+00
 2.876229e+03	 2.125947e+00	 1.050963e+00
 2.955209e+03	 2.079253e+00	 1.027903e+00
 3.036358e+03	 2.033503e+00	 1.005308e+00
 3.119735e+03	 1.988682e+00	 9.831710e-01
 3.205401e+03	 1.944773e+00	 9.614831e-01
 3.293420e+03	 1.901762e+00	 9.402373e-01
 3.383855e+03	 1.859633e+00	 9.194260e-01
 3.476774e+03	 1.818371e+00	 8.990419e-01
 3.572245e+03	 1.777960e+00	 8.790776e-01
 3.670336e+03	 1.738386e+00	 8.595258e-01
 3.771122e+03	 1.699633e+00	 8.403792e-01
 3.874675e+03	 1.661687e+00	 8.216306e-01
 3.981072e+03	 1.624534e+00	 8.032730e-01
 4.090390e+03	 1.588158e+00	 7.852993e-01
 4.202710e+03	 1.552547e+00	 7.677026e-01
 4.318114e+03	 1.517685e+00	 7.504759e-01
 4.436687e+03	 1.483560e+00	 7.336126e-01
 4.558516e+03	 1.450157e+00	 7.171059e-01
 4.683691e+03	 1.417462e+00	 7.009492e-01
 4.812303e+03	 1.385464e+00	 6.851359e-01
 4.944446e+03	 1.354147e+00	 6.696595e-01
 5.080218e+03	 1.323500e+00	 6.545138e-01
 5.219718e+03	 1.293510e+00	 6.396923e-01
 5.363049e+03	 1.264163e+00	 6.251889e-01
 5.510316e+03	 1.235448e+00	 6.109975e-01
 5.661626e+03	 1.207353e+00	 5.971121e-01
 5.817091e+03	 1.179865e+00	 5.835267e-01
 5.976826e+03	 1.152972e+00	 5.702354e-01
 6.140946e+03	 1.126663e+00	 5.572324e-01
 6.309573e+03	 1.100926e+00	 5.445122e-01
 6.482831e+03	 1.075750e+00	 5.320691e-01
 6.660846e+03	 1.051124e+00	 5.198975e-01
 6.843750e+03	 1.027037e+00	 5.079921e-01
 7.031676e+03	 1.003477e+00	 4.963476e-01
 7.224762e+03	 9.804348e-01	 4.849587e-01
 7.423150e+03	 9.578993e-01	 4.738201e-01
 7.626986e+03	 9.358603e-01	 4.629270e-01
 7.836419e+03	 9.143078e-01	 4.522741e-01
 8.051603e+03	 8.932318e-01	 4.418568e-01
 8.272696e+03	 8.726225e-01	 4.316700e-01
 8.499860e+03	 8.524704e-01	 4.217092e-01
 8.733262e+03	 8.327659e-01	 4.119695e-01
 8.973072e+03	 8.135000e-01	 4.024466e-01
 9.219468e+03	 7.946633e-01	 3.931357e-01
 9.472630e+03	 7.762471e-01	 3.840326e-01
 9.732744e+03	 7.582425e-01	 3.751329e-01
 1.000000e+04	 7.406410e-01	 3.664323e-01
