 1.000000e+01	 2.399539e-01	 1.581535e-02
 1.027459e+01	 3.483257e-01	 1.047453e-01
 1.055673e+01	 4.611974e-01	 1.991495e-01
 1.084661e+01	 5.779997e-01	 2.983988e-01
 1.114445e+01	 6.982058e-01	 4.019103e-01
 1.145048e+01	 8.213278e-01	 5.091446e-01
 1.176490e+01	 9.955208e-01	 6.196018e-01
 1.208796e+01	 1.215962e+00	 7.328193e-01
 1.241989e+01	 1.443129e+00	 8.483688e-01
 1.276093e+01	 1.676012e+00	 9.658537e-01
 1.311134e+01	 1.921429e+00	 1.084907e+00
 1.347137e+01	 2.194002e+00	 1.205188e+00
 1.384129e+01	 2.471522e+00	 1.326384e+00
 1.422136e+01	 2.773339e+00	 1.448201e+00
 1.461187e+01	 3.092050e+00	 1.570371e+00
 1.501311e+01	 3.468316e+00	 1.692643e+00
 1.542536e+01	 3.850943e+00	 1.814786e+00
 1.584893e+01	 4.238599e+00	 1.936975e+00
 1.628414e+01	 4.630054e+00	 2.115981e+00
 1.673129e+01	 5.024168e+00	 2.297639e+00
 1.719072e+01	 5.419890e+00	 2.481326e+00
 1.766277e+01	 5.816245e+00	 2.666467e+00
 1.814778e+01	 6.212333e+00	 2.852529e+00
 1.864611e+01	 6.607322e+00	 3.039020e+00
 1.915812e+01	 7.000444e+00	 3.225486e+00
 1.968419e+01	 7.390987e+00	 3.411506e+00
 2.022471e+01	 7.789998e+00	 3.596692e+00
 2.078007e+01	 8.189236e+00	 3.780685e+00
 2.135068e+01	 8.584901e+00	 3.974944e+00
 2.193696e+01	 8.976370e+00	 4.172181e+00
 2.253934e+01	 9.363067e+00	 4.368151e+00
 2.315826e+01	 9.744463e+00	 4.562479e+00
 2.379417e+01	 1.012205e+01	 4.754818e+00
 2.444755e+01	 1.050313e+01	 4.944849e+00
 2.511886e+01	 1.087823e+01	 5.136881e+00
 2.580862e+01	 1.124689e+01	 5.334026e+00
 2.651731e+01	 1.160867e+01	 5.528725e+00
 2.724546e+01	 1.196319e+01	 5.720656e+00
 2.799360e+01	 1.231007e+01	 5.911031e+00
 2.876229e+01	 1.265291e+01	 6.119226e+00
 2.955209e+01	 1.299356e+01	 6.325085e+00
 3.036358e+01	 1.332759e+01	 6.528198e+00
 3.119735e+01	 1.366068e+01	 6.728193e+00
 3.205401e+01	 1.398564e+01	 6.924726e+00
 3.293420e+01	 1.430212e+01	 7.117485e+00
 3.383855e+01	 1.460984e+01	 7.306184e+00
 3.476774e+01	 1.490852e+01	 7.490566e+00
 3.572245e+01	 1.519792e+01	 7.670395e+00
 3.670336e+01	 1.547781e+01	 7.845458e+00
 3.771122e+01	 1.574801e+01	 8.015567e+00
 3.874675e+01	 1.600836e+01	 8.180548e+00
 3.981072e+01	 1.625869e+01	 8.340252e+00
 4.090390e+01	 1.649890e+01	 8.494542e+00
 4.202710e+01	 1.672887e+01	 8.643300e+00
 4.318114e+01	 1.694852e+01	 8.786425e+00
 4.436687e+01	 1.715778e+01	 8.923829e+00
 4.558516e+01	 1.735661e+01	 9.055437e+00
 4.683691e+01	 1.754497e+01	 9.181188e+00
 4.812303e+01	 1.772283e+01	 9.301034e+00
 4.944446e+01	 1.789021e+01	 9.414937e+00
 5.080218e+01	 1.804710e+01	 9.522872e+00
 5.219718e+01	 1.819354e+01	 9.624823e+00
 5.363049e+01	 1.832956e+01	 9.720783e+00
 5.510316e+01	 1.845522e+01	 9.810757e+00
 5.661626e+01	 1.857057e+01	 9.894757e+00
 5.817091e+01	 1.867569e+01	 9.972804e+00
 5.976826e+01	 1.877067e+01	 1.004493e+01
 6.140946e+01	 1.885560e+01	 1.011116e+01
 6.309573e+01	 1.893058e+01	 1.017155e+01
 6.482831e+01	 1.899574e+01	 1.022615e+01
 6.660846e+01	 1.905119e+01	 1.027501e+01
 6.843750e+01	 1.909706e+01	 1.031819e+01
 7.031676e+01	 1.913350e+01	 1.035787e+01
 7.224762e+01	 1.916066e+01	 1.039232e+01
 7.423150e+01	 1.917869e+01	 1.042141e+01
 7.626986e+01	 1.918775e+01	 1.044522e+01
 7.836419e+01	 1.918800e+01	 1.046382e+01
 8.051603e+01	 1.917964e+01	 1.047729e+01
 8.272696e+01	 1.916283e+01	 1.048570e+01
 8.499860e+01	 1.913776e+01	 1.048915e+01
 8.733262e+01	 1.910462e+01	 1.048774e+01
 8.973072e+01	 1.906360e+01	 1.048155e+01
 9.219468e+01	 1.901491e+01	 1.047069e+01
 9.472630e+01	 1.895874e+01	 1.045526e+01
 9.732744e+01	 1.889531e+01	 1.043536e+01
 1.000000e+02	 1.882481e+01	 1.041112e+01
 1.027459e+02	 1.874746e+01	 1.038264e+01
 1.055673e+02	 1.866348e+01	 1.035003e+01
 1.084661e+02	 1.857307e+01	 1.031342e+01
 1.114445e+02	 1.847645e+01	 1.027292e+01
 1.145048e+02	 1.837385e+01	 1.022865e+01
 1.176490e+02	 1.826547e+01	 1.018074e+01
 1.208796e+02	 1.815154e+01	 1.012930e+01
 1.241989e+02	 1.803227e+01	 1.007446e+01
 1.276093e+02	 1.790788e+01	 1.001642e+01
 1.311134e+02	 1.777860e+01	 9.955934e+00
 1.347137e+02	 1.764462e+01	 9.892462e+00
 1.384129e+02	 1.750618e+01	 9.826117e+00
 1.422136e+02	 1.736349e+01	 9.757017e+00
 1.461187e+02	 1.721675e+01	 9.685280e+00
 1.501311e+02	 1.706618e+01	 9.611023e+00
 1.542536e+02	 1.691198e+01	 9.534364e+00
 1.584893e+02	 1.675436e+01	 9.455419e+00
 1.628414e+02	 1.659353e+01	 9.374305e+00
 1.673129e+02	 1.642969e+01	 9.291136e+00
 1.719072e+02	 1.626303e+01	 9.206026e+00
 1.766277e+02	 1.609374e+01	 9.119087e+00
 1.814778e+02	 1.592202e+01	 9.030432e+00
 1.864611e+02	 1.575023e+01	 8.940170e+00
 1.915812e+02	 1.557688e+01	 8.848408e+00
 1.968419e+02	 1.540178e+01	 8.755254e+00
 2.022471e+02	 1.522508e+01	 8.660811e+00
 2.078007e+02	 1.504695e+01	 8.565182e+00
 2.135068e+02	 1.486753e+01	 8.468468e+00
 2.193696e+02	 1.468698e+01	 8.370766e+00
 2.253934e+02	 1.450544e+01	 8.272173e+00
 2.315826e+02	 1.432305e+01	 8.172783e+00
 2.379417e+02	 1.413995e+01	 8.072687e+00
 2.444755e+02	 1.395628e+01	 7.971974e+00
 2.511886e+02	 1.377262e+01	 7.870730e+00
 2.580862e+02	 1.358875e+01	 7.769041e+00
 2.651731e+02	 1.340472e+01	 7.667071e+00
 2.724546e+02	 1.322064e+01	 7.564947e+00
 2.799360e+02	 1.303663e+01	 7.462624e+00
 2.876229e+02	 1.285280e+01	 7.360174e+00
 2.955209e+02	 1.266924e+01	 7.257667e+00
 3.036358e+02	 1.248608e+01	 7.155170e+00
 3.119735e+02	 1.230339e+01	 7.052749e+00
 3.205401e+02	 1.212128e+01	 6.950467e+00
 3.293420e+02	 1.193984e+01	 6.848385e+00
 3.383855e+02	 1.175915e+01	 6.746559e+00
 3.476774e+02	 1.157930e+01	 6.645136e+00
 3.572245e+02	 1.140036e+01	 6.544121e+00
 3.670336e+02	 1.122242e+01	 6.443530e+00
 3.771122e+02	 1.104554e+01	 6.343408e+00
 3.874675e+02	 1.086980e+01	 6.243803e+00
 3.981072e+02	 1.069525e+01	 6.144758e+00
 4.090390e+02	 1.052197e+01	 6.046313e+00
 4.202710e+02	 1.035000e+01	 5.948509e+00
 4.318114e+02	 1.017940e+01	 5.851382e+00
 4.436687e+02	 1.001023e+01	 5.754968e+00
 4.558516e+02	 9.842531e+00	 5.659300e+00
 4.683691e+02	 9.676350e+00	 5.564410e+00
 4.812303e+02	 9.511729e+00	 5.470326e+00
 4.944446e+02	 9.348708e+00	 5.377077e+00
 5.080218e+02	 9.187323e+00	 5.284688e+00
 5.219718e+02	 9.027607e+00	 5.193184e+00
 5.363049e+02	 8.869591e+00	 5.102587e+00
 5.510316e+02	 8.713303e+00	 5.012917e+00
 5.661626e+02	 8.558770e+00	 4.924194e+00
 5.817091e+02	 8.406013e+00	 4.836435e+00
 5.976826e+02	 8.255054e+00	 4.749656e+00
 6.140946e+02	 8.105912e+00	 4.663873e+00
 6.309573e+02	 7.958603e+00	 4.579097e+00
 6.482831e+02	 7.813140e+00	 4.495341e+00
 6.660846e+02	 7.669537e+00	 4.412616e+00
 6.843750e+02	 7.527802e+00	 4.330930e+00
 7.031676e+02	 7.387945e+00	 4.250292e+00
 7.224762e+02	 7.249972e+00	 4.170708e+00
 7.423150e+02	 7.113888e+00	 4.092185e+00
 7.626986e+02	 6.979695e+00	 4.014726e+00
 7.836419e+02	 6.847396e+00	 3.938335e+00
 8.051603e+02	 6.716990e+00	 3.863016e+00
 8.272696e+02	 6.588476e+00	 3.788769e+00
 8.499860e+02	 6.461851e+00	 3.715595e+00
 8.733262e+02	 6.337111e+00	 3.643494e+00
 8.973072e+02	 6.214251e+00	 3.572466e+00
 9.219468e+02	 6.093265e+00	 3.502508e+00
 9.472630e+02	 5.974144e+00	 3.433617e+00
 9.732744e+02	 5.856881e+00	 3.365792e+00
 1.000000e+03	 5.741466e+00	 3.299027e+00
 1.027459e+03	 5.627888e+00	 3.233319e+00
 1.055673e+03	 5.516137e+00	 3.168662e+00
 1.084661e+03	 5.406199e+00	 3.105051e+00
 1.114445e+03	 5.298063e+00	 3.042479e+00
 1.145048e+03	 5.191714e+00	 2.980940e+00
 1.176490e+03	 5.087138e+00	 2.920426e+00
 1.208796e+03	 4.984320e+00	 2.860930e+00
 1.241989e+03	 4.883246e+00	 2.802443e+00
 1.276093e+03	 4.783899e+00	 2.744959e+00
 1.311134e+03	 4.686262e+00	 2.688467e+00
 1.347137e+03	 4.590319e+00	 2.632958e+00
 1.384129e+03	 4.496052e+00	 2.578424e+00
 1.422136e+03	 4.403444e+00	 2.524854e+00
 1.461187e+03	 4.312476e+00	 2.472238e+00
 1.501311e+03	 4.223131e+00	 2.420567e+00
 1.542536e+03	 4.135389e+00	 2.369829e+00
 1.584893e+03	 4.049232e+00	 2.320015e+00
 1.628414e+03	 3.964641e+00	 2.271113e+00
 1.673129e+03	 3.881596e+00	 2.223113e+00
 1.719072e+03	 3.800078e+00	 2.176003e+00
 1.766277e+03	 3.720067e+00	 2.129772e+00
 1.814778e+03	 3.641544e+00	 2.084410e+00
 1.864611e+03	 3.564488e+00	 2.039903e+00
 1.915812e+03	 3.488880e+00	 1.996242e+00
 1.968419e+03	 3.414700e+00	 1.953414e+00
 2.022471e+03	 3.341928e+00	 1.911408e+00
 2.078007e+03	 3.270544e+00	 1.870212e+00
 2.135068e+03	 3.200528e+00	 1.829814e+00
 2.193696e+03	 3.131859e+00	 1.790203e+00
 2.253934e+03	 3.064518e+00	 1.751368e+00
 2.315826e+03	 2.998485e+00	 1.713296e+00
 2.379417e+03	 2.933741e+00	 1.675975e+00
 2.444755e+03	 2.870264e+00	 1.639395e+00
 2.511886e+03	 2.808036e+00	 1.603543e+00
 2.580862e+03	 2.747043e+00	 1.568408e+00
 2.651731e+03	 2.687260e+00	 1.533979e+00
 2.724546e+03	 2.628667e+00	 1.500243e+00
 2.799360e+03	 2.571245e+00	 1.467190e+00
 2.876229e+03	 2.514974e+00	 1.434809e+00
 2.955209e+03	 2.459836e+00	 1.403087e+00
 3.036358e+03	 2.405811e+00	 1.372015e+00
 3.119735e+03	 2.352882e+00	 1.341580e+00
 3.205401e+03	 2.301029e+00	 1.311771e+00
 3.293420e+03	 2.250233e+00	 1.282579e+00
 3.383855e+03	 2.200477e+00	 1.253992e+00
 3.476774e+03	 2.151743e+00	 1.225999e+00
 3.572245e+03	 2.104012e+00	 1.198590e+00
 3.670336e+03	 2.057267e+00	 1.171754e+00
 3.771122e+03	 2.011491e+00	 1.145481e+00
 3.874675e+03	 1.966665e+00	 1.119761e+00
 3.981072e+03	 1.922774e+00	 1.094583e+00
 4.090390e+03	 1.879800e+00	 1.069938e+00
 4.202710e+03	 1.837726e+00	 1.045816e+00
 4.318114e+03	 1.796535e+00	 1.022207e+00
 4.436687e+03	 1.756213e+00	 9.991008e-01
 4.558516e+03	 1.716741e+00	 9.764885e-01
 4.683691e+03	 1.678106e+00	 9.543605e-01
 4.812303e+03	 1.640290e+00	 9.327077e-01
 4.944446e+03	 1.603278e+00	 9.115208e-01
 5.080218e+03	 1.567056e+00	 8.907910e-01
 5.219718e+03	 1.531607e+00	 8.705092e-01
 5.363049e+03	 1.496918e+00	 8.506667e-01
 5.510316e+03	 1.462974e+00	 8.312551e-01
 5.661626e+03	 1.429760e+00	 8.122656e-01
 5.817091e+03	 1.397262e+00	 7.936901e-01
 5.976826e+03	 1.365466e+00	 7.755203e-01
 6.140946e+03	 1.334358e+00	 7.577480e-01
 6.309573e+03	 1.303926e+00	 7.403654e-01
 6.482831e+03	 1.274155e+00	 7.233645e-01
 6.660846e+03	 1.245032e+00	 7.067378e-01
 6.843750e+03	 1.216545e+00	 6.904775e-01
 7.031676e+03	 1.188680e+00	 6.745762e-01
 7.224762e+03	 1.161426e+00	 6.590266e-01
 7.423150e+03	 1.134770e+00	 6.438215e-01
 7.626986e+03	 1.108700e+00	 6.289539e-01
 7.836419e+03	 1.083204e+00	 6.144166e-01
 8.051603e+03	 1.058270e+00	 6.002030e-01
 8.272696e+03	 1.033887e+00	 5.863063e-01
 8.499860e+03	 1.010043e+00	 5.727198e-01
 8.733262e+03	 9.867286e-01	 5.594371e-01
 8.973072e+03	 9.639313e-01	 5.464519e-01
 9.219468e+03	 9.416409e-01	 5.337579e-01
 9.472630e+03	 9.198469e-01	 5.213489e-01
 9.732744e+03	 8.985389e-01	 5.092190e-01
 1.000000e+04	 8.777069e-01	 4.973622e-01
