 1.000000e+01	 0.000000e+00	 0.000000e+00
 1.027459e+01	 0.000000e+00	 0.000000e+00
 1.055673e+01	 0.000000e+00	 0.000000e+00
 1.084661e+01	 7.606785e-02	 0.000000e+00
 1.114445e+01	 1.573463e-01	 0.000000e+00
 1.145048e+01	 2.429537e-01	 0.000000e+00
 1.176490e+01	 3.323771e-01	 9.214672e-03
 1.208796e+01	 4.251411e-01	 7.674831e-02
 1.241989e+01	 5.208057e-01	 1.484431e-01
 1.276093e+01	 6.189636e-01	 2.238150e-01
 1.311134e+01	 7.192375e-01	 3.024156e-01
 1.347137e+01	 8.212782e-01	 3.838297e-01
 1.384129e+01	 9.461317e-01	 4.676730e-01
 1.422136e+01	 1.115176e+00	 5.535896e-01
 1.461187e+01	 1.288757e+00	 6.412503e-01
 1.501311e+01	 1.472859e+00	 7.303501e-01
 1.542536e+01	 1.677202e+00	 8.206067e-01
 1.584893e+01	 1.885475e+00	 9.117591e-01
 1.628414e+01	 2.113483e+00	 1.003565e+00
 1.673129e+01	 2.349126e+00	 1.095802e+00
 1.719072e+01	 2.587791e+00	 1.188261e+00
 1.766277e+01	 2.828748e+00	 1.280751e+00
 1.814778e+01	 3.071319e+00	 1.373095e+00
 1.864611e+01	 3.327122e+00	 1.465127e+00
 1.915812e+01	 3.607794e+00	 1.556696e+00
 1.968419e+01	 3.890415e+00	 1.647660e+00
 2.022471e+01	 4.174220e+00	 1.737889e+00
 2.078007e+01	 4.458505e+00	 1.827261e+00
 2.135068e+01	 4.742617e+00	 1.926117e+00
 2.193696e+01	 5.026382e+00	 2.048131e+00
 2.253934e+01	 5.320904e+00	 2.170859e+00
 2.315826e+01	 5.614334e+00	 2.293952e+00
 2.379417e+01	 5.906099e+00	 2.417085e+00
 2.444755e+01	 6.195672e+00	 2.539957e+00
 2.511886e+01	 6.482568e+00	 2.662292e+00
 2.580862e+01	 6.766335e+00	 2.783834e+00
 2.651731e+01	 7.053802e+00	 2.911795e+00
 2.724546e+01	 7.340369e+00	 3.042295e+00
 2.799360e+01	 7.623188e+00	 3.171919e+00
 2.876229e+01	 7.901862e+00	 3.300403e+00
 2.955209e+01	 8.176027e+00	 3.427504e+00
 3.036358e+01	 8.445346e+00	 3.552997e+00
 3.119735e+01	 8.709513e+00	 3.678275e+00
 3.205401e+01	 8.968245e+00	 3.808159e+00
 3.293420e+01	 9.221284e+00	 3.936321e+00
 3.383855e+01	 9.468393e+00	 4.062539e+00
 3.476774e+01	 9.709358e+00	 4.186611e+00
 3.572245e+01	 9.943983e+00	 4.308351e+00
 3.670336e+01	 1.017209e+01	 4.427589e+00
 3.771122e+01	 1.039914e+01	 4.544170e+00
 3.874675e+01	 1.062009e+01	 4.657956e+00
 3.981072e+01	 1.083514e+01	 4.768817e+00
 4.090390e+01	 1.104784e+01	 4.876640e+00
 4.202710e+01	 1.125389e+01	 4.981321e+00
 4.318114e+01	 1.145311e+01	 5.082768e+00
 4.436687e+01	 1.164537e+01	 5.180900e+00
 4.558516e+01	 1.183053e+01	 5.275644e+00
 4.683691e+01	 1.200849e+01	 5.366936e+00
 4.812303e+01	 1.217915e+01	 5.463094e+00
 4.944446e+01	 1.234243e+01	 5.556711e+00
 5.080218e+01	 1.249827e+01	 5.647150e+00
 5.219718e+01	 1.264661e+01	 5.734312e+00
 5.363049e+01	 1.278741e+01	 5.818108e+00
 5.510316e+01	 1.292064e+01	 5.898464e+00
 5.661626e+01	 1.304630e+01	 5.975314e+00
 5.817091e+01	 1.316437e+01	 6.048604e+00
 5.976826e+01	 1.327487e+01	 6.118288e+00
 6.140946e+01	 1.337781e+01	 6.184330e+00
 6.309573e+01	 1.347322e+01	 6.246704e+00
 6.482831e+01	 1.356113e+01	 6.305389e+00
 6.660846e+01	 1.364159e+01	 6.360373e+00
 6.843750e+01	 1.371465e+01	 6.411652e+00
 7.031676e+01	 1.378037e+01	 6.459227e+00
 7.224762e+01	 1.383882e+01	 6.503108e+00
 7.423150e+01	 1.389008e+01	 6.543307e+00
 7.626986e+01	 1.393424e+01	 6.579846e+00
 7.836419e+01	 1.397137e+01	 6.612748e+00
 8.051603e+01	 1.400158e+01	 6.642595e+00
 8.272696e+01	 1.402497e+01	 6.670082e+00
 8.499860e+01	 1.404165e+01	 6.694122e+00
 8.733262e+01	 1.405173e+01	 6.714744e+00
 8.973072e+01	 1.405533e+01	 6.731982e+00
 9.219468e+01	 1.405257e+01	 6.745874e+00
 9.472630e+01	 1.404358e+01	 6.756465e+00
 9.732744e+01	 1.402849e+01	 6.763801e+00
 1.000000e+02	 1.400744e+01	 6.767933e+00
 1.027459e+02	 1.398057e+01	 6.768914e+00
 1.055673e+02	 1.394800e+01	 6.766804e+00
 1.084661e+02	 1.390991e+01	 6.761662e+00
 1.114445e+02	 1.386642e+01	 6.753552e+00
 1.145048e+02	 1.381768e+01	 6.742538e+00
 1.176490e+02	 1.376386e+01	 6.728690e+00
 1.208796e+02	 1.370511e+01	 6.712076e+00
 1.241989e+02	 1.364157e+01	 6.692769e+00
 1.276093e+02	 1.357341e+01	 6.670842e+00
 1.311134e+02	 1.350078e+01	 6.646370e+00
 1.347137e+02	 1.342385e+01	 6.619428e+00
 1.384129e+02	 1.334276e+01	 6.590093e+00
 1.422136e+02	 1.325768e+01	 6.558443e+00
 1.461187e+02	 1.316877e+01	 6.524740e+00
 1.501311e+02	 1.307618e+01	 6.489318e+00
 1.542536e+02	 1.298008e+01	 6.451845e+00
 1.584893e+02	 1.288062e+01	 6.412396e+00
 1.628414e+02	 1.277796e+01	 6.371047e+00
 1.673129e+02	 1.267226e+01	 6.327871e+00
 1.719072e+02	 1.256366e+01	 6.282946e+00
 1.766277e+02	 1.245232e+01	 6.236345e+00
 1.814778e+02	 1.233839e+01	 6.188144e+00
 1.864611e+02	 1.222280e+01	 6.138419e+00
 1.915812e+02	 1.210545e+01	 6.087243e+00
 1.968419e+02	 1.198602e+01	 6.034691e+00
 2.022471e+02	 1.186465e+01	 5.980837e+00
 2.078007e+02	 1.174147e+01	 5.925754e+00
 2.135068e+02	 1.161661e+01	 5.869512e+00
 2.193696e+02	 1.149019e+01	 5.812185e+00
 2.253934e+02	 1.136234e+01	 5.753840e+00
 2.315826e+02	 1.123320e+01	 5.694549e+00
 2.379417e+02	 1.110287e+01	 5.634377e+00
 2.444755e+02	 1.097147e+01	 5.573393e+00
 2.511886e+02	 1.083932e+01	 5.511662e+00
 2.580862e+02	 1.070642e+01	 5.449247e+00
 2.651731e+02	 1.057282e+01	 5.386211e+00
 2.724546e+02	 1.043861e+01	 5.322616e+00
 2.799360e+02	 1.030391e+01	 5.258521e+00
 2.876229e+02	 1.016881e+01	 5.193985e+00
 2.955209e+02	 1.003341e+01	 5.129064e+00
 3.036358e+02	 9.897803e+00	 5.063813e+00
 3.119735e+02	 9.762084e+00	 4.998287e+00
 3.205401e+02	 9.626340e+00	 4.932537e+00
 3.293420e+02	 9.490658e+00	 4.866614e+00
 3.383855e+02	 9.355120e+00	 4.800566e+00
 3.476774e+02	 9.219806e+00	 4.734441e+00
 3.572245e+02	 9.084793e+00	 4.668284e+00
 3.670336e+02	 8.950154e+00	 4.602140e+00
 3.771122e+02	 8.815961e+00	 4.536050e+00
 3.874675e+02	 8.682282e+00	 4.470056e+00
 3.981072e+02	 8.549180e+00	 4.404196e+00
 4.090390e+02	 8.416720e+00	 4.338509e+00
 4.202710e+02	 8.284958e+00	 4.273030e+00
 4.318114e+02	 8.153953e+00	 4.207794e+00
 4.436687e+02	 8.023757e+00	 4.142834e+00
 4.558516e+02	 7.894422e+00	 4.078181e+00
 4.683691e+02	 7.765994e+00	 4.013865e+00
 4.812303e+02	 7.638521e+00	 3.949914e+00
 4.944446e+02	 7.512044e+00	 3.886357e+00
 5.080218e+02	 7.386604e+00	 3.823218e+00
 5.219718e+02	 7.262239e+00	 3.760521e+00
 5.363049e+02	 7.138985e+00	 3.698291e+00
 5.510316e+02	 7.016874e+00	 3.636547e+00
 5.661626e+02	 6.895955e+00	 3.575312e+00
 5.817091e+02	 6.776282e+00	 3.514603e+00
 5.976826e+02	 6.657842e+00	 3.454439e+00
 6.140946e+02	 6.540659e+00	 3.394836e+00
 6.309573e+02	 6.424753e+00	 3.335810e+00
 6.482831e+02	 6.310146e+00	 3.277408e+00
 6.660846e+02	 6.196855e+00	 3.219618e+00
 6.843750e+02	 6.084897e+00	 3.162445e+00
 7.031676e+02	 5.974286e+00	 3.105902e+00
 7.224762e+02	 5.865035e+00	 3.049998e+00
 7.423150e+02	 5.757155e+00	 2.994741e+00
 7.626986e+02	 5.650656e+00	 2.940141e+00
 7.836419e+02	 5.545547e+00	 2.886205e+00
 8.051603e+02	 5.441833e+00	 2.832939e+00
 8.272696e+02	 5.339521e+00	 2.780348e+00
 8.499860e+02	 5.238614e+00	 2.728437e+00
 8.733262e+02	 5.139116e+00	 2.677211e+00
 8.973072e+02	 5.041027e+00	 2.626673e+00
 9.219468e+02	 4.944349e+00	 2.576826e+00
 9.472630e+02	 4.849080e+00	 2.527688e+00
 9.732744e+02	 4.755220e+00	 2.479246e+00
 1.000000e+03	 4.662765e+00	 2.431499e+00
 1.027459e+03	 4.571712e+00	 2.384449e+00
 1.055673e+03	 4.482056e+00	 2.338093e+00
 1.084661e+03	 4.393793e+00	 2.292431e+00
 1.114445e+03	 4.306915e+00	 2.247462e+00
 1.145048e+03	 4.221416e+00	 2.203184e+00
 1.176490e+03	 4.137289e+00	 2.159594e+00
 1.208796e+03	 4.054525e+00	 2.116690e+00
 1.241989e+03	 3.973115e+00	 2.074469e+00
 1.276093e+03	 3.893050e+00	 2.032926e+00
 1.311134e+03	 3.814319e+00	 1.992059e+00
 1.347137e+03	 3.736913e+00	 1.951862e+00
 1.384129e+03	 3.660820e+00	 1.912332e+00
 1.422136e+03	 3.586028e+00	 1.873464e+00
 1.461187e+03	 3.512526e+00	 1.835252e+00
 1.501311e+03	 3.440302e+00	 1.797691e+00
 1.542536e+03	 3.369342e+00	 1.760776e+00
 1.584893e+03	 3.299634e+00	 1.724500e+00
 1.628414e+03	 3.231164e+00	 1.688858e+00
 1.673129e+03	 3.163919e+00	 1.653844e+00
 1.719072e+03	 3.097886e+00	 1.619451e+00
 1.766277e+03	 3.033050e+00	 1.585673e+00
 1.814778e+03	 2.969396e+00	 1.552503e+00
 1.864611e+03	 2.906911e+00	 1.519934e+00
 1.915812e+03	 2.845580e+00	 1.487959e+00
 1.968419e+03	 2.785389e+00	 1.456572e+00
 2.022471e+03	 2.726322e+00	 1.425765e+00
 2.078007e+03	 2.668365e+00	 1.395530e+00
 2.135068e+03	 2.611502e+00	 1.365861e+00
 2.193696e+03	 2.555719e+00	 1.336750e+00
 2.253934e+03	 2.501000e+00	 1.308191e+00
 2.315826e+03	 2.447331e+00	 1.280174e+00
 2.379417e+03	 2.394697e+00	 1.252694e+00
 2.444755e+03	 2.343081e+00	 1.225741e+00
 2.511886e+03	 2.292470e+00	 1.199310e+00
 2.580862e+03	 2.242851e+00	 1.173392e+00
 2.651731e+03	 2.194206e+00	 1.147979e+00
 2.724546e+03	 2.146519e+00	 1.123064e+00
 2.799360e+03	 2.099777e+00	 1.098641e+00
 2.876229e+03	 2.053964e+00	 1.074700e+00
 2.955209e+03	 2.009065e+00	 1.051234e+00
 3.036358e+03	 1.965066e+00	 1.028237e+00
 3.119735e+03	 1.921951e+00	 1.005700e+00
 3.205401e+03	 1.879706e+00	 9.836159e-01
 3.293420e+03	 1.838317e+00	 9.619777e-01
 3.383855e+03	 1.797770e+00	 9.407779e-01
 3.476774e+03	 1.758049e+00	 9.200091e-01
 3.572245e+03	 1.719141e+00	 8.996641e-01
 3.670336e+03	 1.681032e+00	 8.797356e-01
 3.771122e+03	 1.643708e+00	 8.602166e-01
 3.874675e+03	 1.607156e+00	 8.410999e-01
 3.981072e+03	 1.571360e+00	 8.223786e-01
 4.090390e+03	 1.536309e+00	 8.040456e-01
 4.202710e+03	 1.501988e+00	 7.860942e-01
 4.318114e+03	 1.468386e+00	 7.685174e-01
 4.436687e+03	 1.435487e+00	 7.513086e-01
 4.558516e+03	 1.403280e+00	 7.344610e-01
 4.683691e+03	 1.371753e+00	 7.179681e-01
 4.812303e+03	 1.340891e+00	 7.018233e-01
 4.944446e+03	 1.310683e+00	 6.860203e-01
 5.080218e+03	 1.281118e+00	 6.705526e-01
 5.219718e+03	 1.252181e+00	 6.554140e-01
 5.363049e+03	 1.223863e+00	 6.405983e-01
 5.510316e+03	 1.196150e+00	 6.260993e-01
 5.661626e+03	 1.169032e+00	 6.119110e-01
 5.817091e+03	 1.142496e+00	 5.980276e-01
 5.976826e+03	 1.116533e+00	 5.844430e-01
 6.140946e+03	 1.091129e+00	 5.711515e-01
 6.309573e+03	 1.066276e+00	 5.581475e-01
 6.482831e+03	 1.041961e+00	 5.454252e-01
 6.660846e+03	 1.018174e+00	 5.329792e-01
 6.843750e+03	 9.949053e-01	 5.208040e-01
 7.031676e+03	 9.721440e-01	 5.088943e-01
 7.224762e+03	 9.498800e-01	 4.972447e-01
 7.423150e+03	 9.281034e-01	 4.858501e-01
 7.626986e+03	 9.068045e-01	 4.747054e-01
 7.836419e+03	 8.859736e-01	 4.638055e-01
 8.051603e+03	 8.656012e-01	 4.531454e-01
 8.272696e+03	 8.456780e-01	 4.427204e-01
 8.499860e+03	 8.261948e-01	 4.325256e-01
 8.733262e+03	 8.071428e-01	 4.225563e-01
 8.973072e+03	 7.885129e-01	 4.128079e-01
 9.219468e+03	 7.702965e-01	 4.032758e-01
 9.472630e+03	 7.524852e-01	 3.939556e-01
 9.732744e+03	 7.350704e-01	 3.848429e-01
 1.000000e+04	 7.180439e-01	 3.759333e-01
