 1.000000e+01	 0.000000e+00	 0.000000e+00
 1.027459e+01	 0.000000e+00	 0.000000e+00
 1.055673e+01	 0.000000e+00	 0.000000e+00
 1.084661e+01	 0.000000e+00	 0.000000e+00
 1.114445e+01	 0.000000e+00	 0.000000e+00
 1.145048e+01	 0.000000e+00	 0.000000e+00
 1.176490e+01	 0.000000e+00	 0.000000e+00
 1.208796e+01	 0.000000e+00	 0.000000e+00
 1.241989e+01	 0.000000e+00	 0.000000e+00
 1.276093e+01	 2.248146e-02	 1.527473e-02
 1.311134e+01	 8.117997e-02	 7.325239e-02
 1.347137e+01	 1.853139e-01	 1.347179e-01
 1.384129e+01	 3.529323e-01	 1.992637e-01
 1.422136e+01	 5.407791e-01	 3.167885e-01
 1.461187e+01	 7.368827e-01	 4.406981e-01
 1.501311e+01	 9.401751e-01	 6.193371e-01
 1.542536e+01	 1.149667e+00	 8.067206e-01
 1.584893e+01	 1.364444e+00	 1.000511e+00
 1.628414e+01	 1.583658e+00	 1.199795e+00
 1.673129e+01	 1.806526e+00	 1.403728e+00
 1.719072e+01	 2.124588e+00	 1.611528e+00
 1.766277e+01	 2.482503e+00	 1.822470e+00
 1.814778e+01	 2.848907e+00	 2.035885e+00
 1.864611e+01	 3.222337e+00	 2.251154e+00
 1.915812e+01	 3.601442e+00	 2.467703e+00
 1.968419e+01	 3.984969e+00	 2.685002e+00
 2.022471e+01	 4.371761e+00	 2.902560e+00
 2.078007e+01	 4.760747e+00	 3.119923e+00
 2.135068e+01	 5.150937e+00	 3.336671e+00
 2.193696e+01	 5.541415e+00	 3.552415e+00
 2.253934e+01	 5.931336e+00	 3.766795e+00
 2.315826e+01	 6.319916e+00	 3.979480e+00
 2.379417e+01	 6.706432e+00	 4.217099e+00
 2.444755e+01	 7.108288e+00	 4.494445e+00
 2.511886e+01	 7.511017e+00	 4.782723e+00
 2.580862e+01	 7.910973e+00	 5.071991e+00
 2.651731e+01	 8.307480e+00	 5.361479e+00
 2.724546e+01	 8.699912e+00	 5.650473e+00
 2.799360e+01	 9.087691e+00	 5.938315e+00
 2.876229e+01	 9.470286e+00	 6.224399e+00
 2.955209e+01	 9.847206e+00	 6.508163e+00
 3.036358e+01	 1.021800e+01	 6.789091e+00
 3.119735e+01	 1.058225e+01	 7.066708e+00
 3.205401e+01	 1.093957e+01	 7.340576e+00
 3.293420e+01	 1.128961e+01	 7.610292e+00
 3.383855e+01	 1.163206e+01	 7.875487e+00
 3.476774e+01	 1.196661e+01	 8.135821e+00
 3.572245e+01	 1.229300e+01	 8.390984e+00
 3.670336e+01	 1.261099e+01	 8.640693e+00
 3.771122e+01	 1.292034e+01	 8.884688e+00
 3.874675e+01	 1.323029e+01	 9.122734e+00
 3.981072e+01	 1.353338e+01	 9.354618e+00
 4.090390e+01	 1.383094e+01	 9.580146e+00
 4.202710e+01	 1.412705e+01	 9.799145e+00
 4.318114e+01	 1.441467e+01	 1.001146e+01
 4.436687e+01	 1.469355e+01	 1.021695e+01
 4.558516e+01	 1.496345e+01	 1.041550e+01
 4.683691e+01	 1.522417e+01	 1.060699e+01
 4.812303e+01	 1.547552e+01	 1.079134e+01
 4.944446e+01	 1.571735e+01	 1.096846e+01
 5.080218e+01	 1.594952e+01	 1.113830e+01
 5.219718e+01	 1.617190e+01	 1.130079e+01
 5.363049e+01	 1.638441e+01	 1.145590e+01
 5.510316e+01	 1.658696e+01	 1.160360e+01
 5.661626e+01	 1.677950e+01	 1.174386e+01
 5.817091e+01	 1.696198e+01	 1.187668e+01
 5.976826e+01	 1.713436e+01	 1.200581e+01
 6.140946e+01	 1.729665e+01	 1.212955e+01
 6.309573e+01	 1.744884e+01	 1.224615e+01
 6.482831e+01	 1.759095e+01	 1.235559e+01
 6.660846e+01	 1.772300e+01	 1.245788e+01
 6.843750e+01	 1.784505e+01	 1.255302e+01
 7.031676e+01	 1.795714e+01	 1.264102e+01
 7.224762e+01	 1.805934e+01	 1.272192e+01
 7.423150e+01	 1.815172e+01	 1.279576e+01
 7.626986e+01	 1.823438e+01	 1.286258e+01
 7.836419e+01	 1.830742e+01	 1.292243e+01
 8.051603e+01	 1.837093e+01	 1.297539e+01
 8.272696e+01	 1.842504e+01	 1.302153e+01
 8.499860e+01	 1.846988e+01	 1.306091e+01
 8.733262e+01	 1.850556e+01	 1.309364e+01
 8.973072e+01	 1.853225e+01	 1.311980e+01
 9.219468e+01	 1.855008e+01	 1.313949e+01
 9.472630e+01	 1.855921e+01	 1.315282e+01
 9.732744e+01	 1.855980e+01	 1.315990e+01
 1.000000e+02	 1.855203e+01	 1.316084e+01
 1.027459e+02	 1.853606e+01	 1.315577e+01
 1.055673e+02	 1.851207e+01	 1.314480e+01
 1.084661e+02	 1.848025e+01	 1.312807e+01
 1.114445e+02	 1.844078e+01	 1.310571e+01
 1.145048e+02	 1.839387e+01	 1.307786e+01
 1.176490e+02	 1.833969e+01	 1.304465e+01
 1.208796e+02	 1.827846e+01	 1.300623e+01
 1.241989e+02	 1.821037e+01	 1.296274e+01
 1.276093e+02	 1.813563e+01	 1.291433e+01
 1.311134e+02	 1.805444e+01	 1.286114e+01
 1.347137e+02	 1.796702e+01	 1.280334e+01
 1.384129e+02	 1.787357e+01	 1.274105e+01
 1.422136e+02	 1.777431e+01	 1.267445e+01
 1.461187e+02	 1.766944e+01	 1.260369e+01
 1.501311e+02	 1.755918e+01	 1.252890e+01
 1.542536e+02	 1.744374e+01	 1.245026e+01
 1.584893e+02	 1.732333e+01	 1.236792e+01
 1.628414e+02	 1.719817e+01	 1.228202e+01
 1.673129e+02	 1.706846e+01	 1.219272e+01
 1.719072e+02	 1.693441e+01	 1.210018e+01
 1.766277e+02	 1.679624e+01	 1.200455e+01
 1.814778e+02	 1.665414e+01	 1.190597e+01
 1.864611e+02	 1.650835e+01	 1.180460e+01
 1.915812e+02	 1.636025e+01	 1.170058e+01
 1.968419e+02	 1.620891e+01	 1.159406e+01
 2.022471e+02	 1.605451e+01	 1.148519e+01
 2.078007e+02	 1.589725e+01	 1.137410e+01
 2.135068e+02	 1.573730e+01	 1.126095e+01
 2.193696e+02	 1.557485e+01	 1.114586e+01
 2.253934e+02	 1.541007e+01	 1.102897e+01
 2.315826e+02	 1.524315e+01	 1.091041e+01
 2.379417e+02	 1.507424e+01	 1.079033e+01
 2.444755e+02	 1.490353e+01	 1.066884e+01
 2.511886e+02	 1.473124e+01	 1.054607e+01
 2.580862e+02	 1.455767e+01	 1.042214e+01
 2.651731e+02	 1.438279e+01	 1.029718e+01
 2.724546e+02	 1.420676e+01	 1.017129e+01
 2.799360e+02	 1.402972e+01	 1.004460e+01
 2.876229e+02	 1.385183e+01	 9.917453e+00
 2.955209e+02	 1.367321e+01	 9.789844e+00
 3.036358e+02	 1.349402e+01	 9.661764e+00
 3.119735e+02	 1.331438e+01	 9.533312e+00
 3.205401e+02	 1.313442e+01	 9.404583e+00
 3.293420e+02	 1.295426e+01	 9.275670e+00
 3.383855e+02	 1.277404e+01	 9.146662e+00
 3.476774e+02	 1.259386e+01	 9.017645e+00
 3.572245e+02	 1.241384e+01	 8.888703e+00
 3.670336e+02	 1.223409e+01	 8.759915e+00
 3.771122e+02	 1.205471e+01	 8.631397e+00
 3.874675e+02	 1.187580e+01	 8.503359e+00
 3.981072e+02	 1.169746e+01	 8.375707e+00
 4.090390e+02	 1.151979e+01	 8.248508e+00
 4.202710e+02	 1.134286e+01	 8.121826e+00
 4.318114e+02	 1.116676e+01	 7.995723e+00
 4.436687e+02	 1.099158e+01	 7.870255e+00
 4.558516e+02	 1.081740e+01	 7.745479e+00
 4.683691e+02	 1.064427e+01	 7.621448e+00
 4.812303e+02	 1.047228e+01	 7.498212e+00
 4.944446e+02	 1.030148e+01	 7.375819e+00
 5.080218e+02	 1.013195e+01	 7.254313e+00
 5.219718e+02	 9.963735e+00	 7.133738e+00
 5.363049e+02	 9.796892e+00	 7.014133e+00
 5.510316e+02	 9.631474e+00	 6.895537e+00
 5.661626e+02	 9.467566e+00	 6.777985e+00
 5.817091e+02	 9.305262e+00	 6.661511e+00
 5.976826e+02	 9.144524e+00	 6.546144e+00
 6.140946e+02	 8.985390e+00	 6.431914e+00
 6.309573e+02	 8.827895e+00	 6.318848e+00
 6.482831e+02	 8.672072e+00	 6.206971e+00
 6.660846e+02	 8.517950e+00	 6.096304e+00
 6.843750e+02	 8.365556e+00	 5.986869e+00
 7.031676e+02	 8.214915e+00	 5.878685e+00
 7.224762e+02	 8.066050e+00	 5.771768e+00
 7.423150e+02	 7.918978e+00	 5.666134e+00
 7.626986e+02	 7.773719e+00	 5.561796e+00
 7.836419e+02	 7.630288e+00	 5.458768e+00
 8.051603e+02	 7.488697e+00	 5.357058e+00
 8.272696e+02	 7.348959e+00	 5.256676e+00
 8.499860e+02	 7.211082e+00	 5.157630e+00
 8.733262e+02	 7.075073e+00	 5.059925e+00
 8.973072e+02	 6.940939e+00	 4.963566e+00
 9.219468e+02	 6.808683e+00	 4.868558e+00
 9.472630e+02	 6.678308e+00	 4.774901e+00
 9.732744e+02	 6.549814e+00	 4.682598e+00
 1.000000e+03	 6.423201e+00	 4.591648e+00
 1.027459e+03	 6.298466e+00	 4.502051e+00
 1.055673e+03	 6.175607e+00	 4.413804e+00
 1.084661e+03	 6.054618e+00	 4.326904e+00
 1.114445e+03	 5.935493e+00	 4.241347e+00
 1.145048e+03	 5.818226e+00	 4.157129e+00
 1.176490e+03	 5.702807e+00	 4.074244e+00
 1.208796e+03	 5.589229e+00	 3.992686e+00
 1.241989e+03	 5.477481e+00	 3.912448e+00
 1.276093e+03	 5.367551e+00	 3.833521e+00
 1.311134e+03	 5.259428e+00	 3.755898e+00
 1.347137e+03	 5.153100e+00	 3.679570e+00
 1.384129e+03	 5.048552e+00	 3.604526e+00
 1.422136e+03	 4.945770e+00	 3.530758e+00
 1.461187e+03	 4.844740e+00	 3.458253e+00
 1.501311e+03	 4.745447e+00	 3.387002e+00
 1.542536e+03	 4.647873e+00	 3.316993e+00
 1.584893e+03	 4.552004e+00	 3.248214e+00
 1.628414e+03	 4.457821e+00	 3.180652e+00
 1.673129e+03	 4.365307e+00	 3.114295e+00
 1.719072e+03	 4.274445e+00	 3.049131e+00
 1.766277e+03	 4.185216e+00	 2.985146e+00
 1.814778e+03	 4.097603e+00	 2.922327e+00
 1.864611e+03	 4.011585e+00	 2.860660e+00
 1.915812e+03	 3.927144e+00	 2.800131e+00
 1.968419e+03	 3.844260e+00	 2.740727e+00
 2.022471e+03	 3.762915e+00	 2.682432e+00
 2.078007e+03	 3.683088e+00	 2.625234e+00
 2.135068e+03	 3.604759e+00	 2.569117e+00
 2.193696e+03	 3.527909e+00	 2.514066e+00
 2.253934e+03	 3.452517e+00	 2.460068e+00
 2.315826e+03	 3.378564e+00	 2.407108e+00
 2.379417e+03	 3.306028e+00	 2.355170e+00
 2.444755e+03	 3.234890e+00	 2.304241e+00
 2.511886e+03	 3.165129e+00	 2.254305e+00
 2.580862e+03	 3.096728e+00	 2.205347e+00
 2.651731e+03	 3.029665e+00	 2.157353e+00
 2.724546e+03	 2.963917e+00	 2.110308e+00
 2.799360e+03	 2.899467e+00	 2.064198e+00
 2.876229e+03	 2.836292e+00	 2.019007e+00
 2.955209e+03	 2.774373e+00	 1.974721e+00
 3.036358e+03	 2.713690e+00	 1.931326e+00
 3.119735e+03	 2.654224e+00	 1.888806e+00
 3.205401e+03	 2.595954e+00	 1.847149e+00
 3.293420e+03	 2.538860e+00	 1.806338e+00
 3.383855e+03	 2.482923e+00	 1.766360e+00
 3.476774e+03	 2.428124e+00	 1.727201e+00
 3.572245e+03	 2.374443e+00	 1.688847e+00
 3.670336e+03	 2.321862e+00	 1.651284e+00
 3.771122e+03	 2.270361e+00	 1.614498e+00
 3.874675e+03	 2.219921e+00	 1.578476e+00
 3.981072e+03	 2.170525e+00	 1.543204e+00
 4.090390e+03	 2.122152e+00	 1.508668e+00
 4.202710e+03	 2.074787e+00	 1.474856e+00
 4.318114e+03	 2.028409e+00	 1.441754e+00
 4.436687e+03	 1.983002e+00	 1.409349e+00
 4.558516e+03	 1.938547e+00	 1.377629e+00
 4.683691e+03	 1.895029e+00	 1.346581e+00
 4.812303e+03	 1.852428e+00	 1.316192e+00
 4.944446e+03	 1.810728e+00	 1.286450e+00
 5.080218e+03	 1.769913e+00	 1.257343e+00
 5.219718e+03	 1.729965e+00	 1.228859e+00
 5.363049e+03	 1.690869e+00	 1.200986e+00
 5.510316e+03	 1.652609e+00	 1.173712e+00
 5.661626e+03	 1.615167e+00	 1.147025e+00
 5.817091e+03	 1.578529e+00	 1.120915e+00
 5.976826e+03	 1.542680e+00	 1.095370e+00
 6.140946e+03	 1.507604e+00	 1.070380e+00
 6.309573e+03	 1.473285e+00	 1.045932e+00
 6.482831e+03	 1.439710e+00	 1.022017e+00
 6.660846e+03	 1.406863e+00	 9.986237e-01
 6.843750e+03	 1.374730e+00	 9.757420e-01
 7.031676e+03	 1.343297e+00	 9.533616e-01
 7.224762e+03	 1.312551e+00	 9.314724e-01
 7.423150e+03	 1.282477e+00	 9.100646e-01
 7.626986e+03	 1.253061e+00	 8.891283e-01
 7.836419e+03	 1.224292e+00	 8.686541e-01
 8.051603e+03	 1.196155e+00	 8.486325e-01
 8.272696e+03	 1.168638e+00	 8.290542e-01
 8.499860e+03	 1.141729e+00	 8.099101e-01
 8.733262e+03	 1.115414e+00	 7.911914e-01
 8.973072e+03	 1.089682e+00	 7.728892e-01
 9.219468e+03	 1.064520e+00	 7.549948e-01
 9.472630e+03	 1.039918e+00	 7.374998e-01
 9.732744e+03	 1.015863e+00	 7.203959e-01
 1.000000e+04	 9.923435e-01	 7.036749e-01
