 1.000000e+01	 0.000000e+00	 0.000000e+00
 1.027459e+01	 0.000000e+00	 0.000000e+00
 1.055673e+01	 0.000000e+00	 0.000000e+00
 1.084661e+01	 0.000000e+00	 0.000000e+00
 1.114445e+01	 0.000000e+00	 0.000000e+00
 1.145048e+01	 0.000000e+00	 0.000000e+00
 1.176490e+01	 0.000000e+00	 0.000000e+00
 1.208796e+01	 0.000000e+00	 0.000000e+00
 1.241989e+01	 0.000000e+00	 0.000000e+00
 1.276093e+01	 0.000000e+00	 0.000000e+00
 1.311134e+01	 1.060318e-02	 7.961101e-03
 1.347137e+01	 6.395503e-02	 6.104208e-02
 1.384129e+01	 1.205661e-01	 1.173961e-01
 1.422136e+01	 1.800587e-01	 1.766447e-01
 1.461187e+01	 2.869129e-01	 2.384372e-01
 1.501311e+01	 4.568193e-01	 3.024491e-01
 1.542536e+01	 6.938906e-01	 3.683798e-01
 1.584893e+01	 9.742271e-01	 4.359511e-01
 1.628414e+01	 1.265770e+00	 5.420910e-01
 1.673129e+01	 1.566996e+00	 7.033645e-01
 1.719072e+01	 1.876495e+00	 8.707045e-01
 1.766277e+01	 2.192963e+00	 1.043259e+00
 1.814778e+01	 2.515191e+00	 1.263810e+00
 1.864611e+01	 2.885712e+00	 1.520886e+00
 1.915812e+01	 3.311106e+00	 1.785136e+00
 1.968419e+01	 3.757578e+00	 2.055404e+00
 2.022471e+01	 4.211196e+00	 2.330620e+00
 2.078007e+01	 4.670420e+00	 2.609795e+00
 2.135068e+01	 5.133825e+00	 2.892012e+00
 2.193696e+01	 5.600090e+00	 3.176427e+00
 2.253934e+01	 6.067999e+00	 3.462256e+00
 2.315826e+01	 6.536424e+00	 3.748776e+00
 2.379417e+01	 7.004322e+00	 4.035319e+00
 2.444755e+01	 7.490754e+00	 4.321268e+00
 2.511886e+01	 7.976686e+00	 4.606051e+00
 2.580862e+01	 8.460529e+00	 4.889141e+00
 2.651731e+01	 8.941377e+00	 5.170053e+00
 2.724546e+01	 9.418396e+00	 5.448335e+00
 2.799360e+01	 9.890816e+00	 5.747611e+00
 2.876229e+01	 1.035793e+01	 6.058929e+00
 2.955209e+01	 1.081907e+01	 6.372895e+00
 3.036358e+01	 1.127364e+01	 6.700169e+00
 3.119735e+01	 1.172108e+01	 7.025613e+00
 3.205401e+01	 1.216088e+01	 7.348554e+00
 3.293420e+01	 1.259257e+01	 7.668373e+00
 3.383855e+01	 1.301571e+01	 7.984501e+00
 3.476774e+01	 1.342990e+01	 8.296412e+00
 3.572245e+01	 1.383480e+01	 8.603625e+00
 3.670336e+01	 1.423005e+01	 8.905699e+00
 3.771122e+01	 1.461537e+01	 9.202228e+00
 3.874675e+01	 1.499047e+01	 9.492843e+00
 3.981072e+01	 1.537121e+01	 9.777206e+00
 4.090390e+01	 1.574717e+01	 1.005501e+01
 4.202710e+01	 1.611333e+01	 1.032597e+01
 4.318114e+01	 1.647203e+01	 1.058984e+01
 4.436687e+01	 1.682724e+01	 1.084639e+01
 4.558516e+01	 1.717224e+01	 1.109542e+01
 4.683691e+01	 1.750672e+01	 1.133674e+01
 4.812303e+01	 1.783038e+01	 1.157019e+01
 4.944446e+01	 1.814298e+01	 1.179563e+01
 5.080218e+01	 1.844430e+01	 1.201293e+01
 5.219718e+01	 1.873414e+01	 1.222199e+01
 5.363049e+01	 1.901233e+01	 1.242271e+01
 5.510316e+01	 1.927874e+01	 1.261724e+01
 5.661626e+01	 1.953325e+01	 1.280736e+01
 5.817091e+01	 1.977577e+01	 1.298930e+01
 5.976826e+01	 2.000622e+01	 1.316296e+01
 6.140946e+01	 2.022455e+01	 1.332829e+01
 6.309573e+01	 2.043073e+01	 1.348524e+01
 6.482831e+01	 2.062474e+01	 1.363376e+01
 6.660846e+01	 2.080660e+01	 1.377386e+01
 6.843750e+01	 2.097632e+01	 1.390551e+01
 7.031676e+01	 2.113394e+01	 1.402873e+01
 7.224762e+01	 2.127951e+01	 1.414353e+01
 7.423150e+01	 2.141311e+01	 1.424996e+01
 7.626986e+01	 2.153482e+01	 1.434804e+01
 7.836419e+01	 2.164472e+01	 1.443784e+01
 8.051603e+01	 2.174294e+01	 1.451942e+01
 8.272696e+01	 2.182959e+01	 1.459285e+01
 8.499860e+01	 2.190481e+01	 1.465821e+01
 8.733262e+01	 2.196873e+01	 1.471559e+01
 8.973072e+01	 2.202151e+01	 1.476509e+01
 9.219468e+01	 2.206332e+01	 1.480681e+01
 9.472630e+01	 2.209433e+01	 1.484087e+01
 9.732744e+01	 2.211472e+01	 1.486740e+01
 1.000000e+02	 2.212467e+01	 1.488650e+01
 1.027459e+02	 2.212440e+01	 1.489833e+01
 1.055673e+02	 2.211410e+01	 1.490301e+01
 1.084661e+02	 2.209399e+01	 1.490068e+01
 1.114445e+02	 2.206428e+01	 1.489150e+01
 1.145048e+02	 2.202520e+01	 1.487562e+01
 1.176490e+02	 2.197697e+01	 1.485319e+01
 1.208796e+02	 2.191983e+01	 1.482437e+01
 1.241989e+02	 2.185402e+01	 1.478934e+01
 1.276093e+02	 2.177978e+01	 1.474824e+01
 1.311134e+02	 2.169735e+01	 1.470126e+01
 1.347137e+02	 2.160698e+01	 1.464856e+01
 1.384129e+02	 2.150892e+01	 1.459032e+01
 1.422136e+02	 2.140343e+01	 1.452671e+01
 1.461187e+02	 2.129075e+01	 1.445791e+01
 1.501311e+02	 2.117115e+01	 1.438409e+01
 1.542536e+02	 2.104487e+01	 1.430544e+01
 1.584893e+02	 2.091218e+01	 1.422213e+01
 1.628414e+02	 2.077332e+01	 1.413434e+01
 1.673129e+02	 2.062856e+01	 1.404226e+01
 1.719072e+02	 2.047814e+01	 1.394605e+01
 1.766277e+02	 2.032233e+01	 1.384590e+01
 1.814778e+02	 2.016138e+01	 1.374198e+01
 1.864611e+02	 1.999553e+01	 1.363447e+01
 1.915812e+02	 1.982565e+01	 1.352355e+01
 1.968419e+02	 1.965199e+01	 1.340938e+01
 2.022471e+02	 1.947424e+01	 1.329215e+01
 2.078007e+02	 1.929263e+01	 1.317200e+01
 2.135068e+02	 1.910738e+01	 1.304913e+01
 2.193696e+02	 1.891873e+01	 1.292368e+01
 2.253934e+02	 1.872689e+01	 1.279583e+01
 2.315826e+02	 1.853209e+01	 1.266572e+01
 2.379417e+02	 1.833453e+01	 1.253353e+01
 2.444755e+02	 1.813444e+01	 1.239940e+01
 2.511886e+02	 1.793202e+01	 1.226348e+01
 2.580862e+02	 1.772769e+01	 1.212593e+01
 2.651731e+02	 1.752149e+01	 1.198688e+01
 2.724546e+02	 1.731356e+01	 1.184648e+01
 2.799360e+02	 1.710410e+01	 1.170487e+01
 2.876229e+02	 1.689330e+01	 1.156227e+01
 2.955209e+02	 1.668133e+01	 1.141932e+01
 3.036358e+02	 1.646837e+01	 1.127559e+01
 3.119735e+02	 1.625459e+01	 1.113118e+01
 3.205401e+02	 1.604015e+01	 1.098622e+01
 3.293420e+02	 1.582521e+01	 1.084081e+01
 3.383855e+02	 1.560993e+01	 1.069507e+01
 3.476774e+02	 1.539446e+01	 1.054909e+01
 3.572245e+02	 1.517894e+01	 1.040298e+01
 3.670336e+02	 1.496352e+01	 1.025685e+01
 3.771122e+02	 1.474832e+01	 1.011077e+01
 3.874675e+02	 1.453348e+01	 9.964845e+00
 3.981072e+02	 1.431912e+01	 9.819165e+00
 4.090390e+02	 1.410536e+01	 9.673811e+00
 4.202710e+02	 1.389232e+01	 9.528866e+00
 4.318114e+02	 1.368010e+01	 9.384529e+00
 4.436687e+02	 1.346881e+01	 9.240803e+00
 4.558516e+02	 1.325855e+01	 9.097717e+00
 4.683691e+02	 1.304942e+01	 8.955337e+00
 4.812303e+02	 1.284150e+01	 8.813726e+00
 4.944446e+02	 1.263489e+01	 8.672946e+00
 5.080218e+02	 1.242966e+01	 8.533055e+00
 5.219718e+02	 1.222590e+01	 8.394106e+00
 5.363049e+02	 1.202366e+01	 8.256153e+00
 5.510316e+02	 1.182303e+01	 8.119243e+00
 5.661626e+02	 1.162412e+01	 7.983424e+00
 5.817091e+02	 1.142707e+01	 7.848738e+00
 5.976826e+02	 1.123181e+01	 7.715228e+00
 6.140946e+02	 1.103840e+01	 7.582930e+00
 6.309573e+02	 1.084689e+01	 7.451880e+00
 6.482831e+02	 1.065731e+01	 7.322113e+00
 6.660846e+02	 1.046971e+01	 7.193658e+00
 6.843750e+02	 1.028413e+01	 7.066543e+00
 7.031676e+02	 1.010060e+01	 6.940796e+00
 7.224762e+02	 9.919149e+00	 6.816440e+00
 7.423150e+02	 9.739811e+00	 6.693497e+00
 7.626986e+02	 9.562609e+00	 6.571987e+00
 7.836419e+02	 9.387567e+00	 6.451927e+00
 8.051603e+02	 9.214703e+00	 6.333333e+00
 8.272696e+02	 9.044036e+00	 6.216220e+00
 8.499860e+02	 8.875580e+00	 6.100599e+00
 8.733262e+02	 8.709348e+00	 5.986481e+00
 8.973072e+02	 8.545351e+00	 5.873875e+00
 9.219468e+02	 8.383596e+00	 5.762788e+00
 9.472630e+02	 8.224089e+00	 5.653226e+00
 9.732744e+02	 8.066834e+00	 5.545192e+00
 1.000000e+03	 7.911833e+00	 5.438691e+00
 1.027459e+03	 7.759087e+00	 5.333723e+00
 1.055673e+03	 7.608594e+00	 5.230289e+00
 1.084661e+03	 7.460350e+00	 5.128387e+00
 1.114445e+03	 7.314352e+00	 5.028016e+00
 1.145048e+03	 7.170592e+00	 4.929173e+00
 1.176490e+03	 7.029063e+00	 4.831853e+00
 1.208796e+03	 6.889755e+00	 4.736052e+00
 1.241989e+03	 6.752659e+00	 4.641762e+00
 1.276093e+03	 6.617763e+00	 4.548977e+00
 1.311134e+03	 6.485055e+00	 4.457689e+00
 1.347137e+03	 6.354520e+00	 4.367890e+00
 1.384129e+03	 6.226143e+00	 4.279570e+00
 1.422136e+03	 6.099910e+00	 4.192720e+00
 1.461187e+03	 5.975803e+00	 4.107327e+00
 1.501311e+03	 5.853805e+00	 4.023382e+00
 1.542536e+03	 5.733899e+00	 3.940872e+00
 1.584893e+03	 5.616065e+00	 3.859784e+00
 1.628414e+03	 5.500283e+00	 3.780107e+00
 1.673129e+03	 5.386534e+00	 3.701826e+00
 1.719072e+03	 5.274797e+00	 3.624928e+00
 1.766277e+03	 5.165051e+00	 3.549399e+00
 1.814778e+03	 5.057274e+00	 3.475223e+00
 1.864611e+03	 4.951444e+00	 3.402387e+00
 1.915812e+03	 4.847539e+00	 3.330876e+00
 1.968419e+03	 4.745535e+00	 3.260673e+00
 2.022471e+03	 4.645411e+00	 3.191763e+00
 2.078007e+03	 4.547142e+00	 3.124131e+00
 2.135068e+03	 4.450705e+00	 3.057760e+00
 2.193696e+03	 4.356076e+00	 2.992634e+00
 2.253934e+03	 4.263231e+00	 2.928738e+00
 2.315826e+03	 4.172146e+00	 2.866053e+00
 2.379417e+03	 4.082798e+00	 2.804565e+00
 2.444755e+03	 3.995160e+00	 2.744256e+00
 2.511886e+03	 3.909210e+00	 2.685110e+00
 2.580862e+03	 3.824926e+00	 2.627109e+00
 2.651731e+03	 3.742281e+00	 2.570238e+00
 2.724546e+03	 3.661249e+00	 2.514480e+00
 2.799360e+03	 3.581807e+00	 2.459817e+00
 2.876229e+03	 3.503931e+00	 2.406233e+00
 2.955209e+03	 3.427596e+00	 2.353712e+00
 3.036358e+03	 3.352778e+00	 2.302236e+00
 3.119735e+03	 3.279452e+00	 2.251790e+00
 3.205401e+03	 3.207595e+00	 2.202356e+00
 3.293420e+03	 3.137184e+00	 2.153918e+00
 3.383855e+03	 3.068193e+00	 2.106461e+00
 3.476774e+03	 3.000600e+00	 2.059967e+00
 3.572245e+03	 2.934382e+00	 2.014421e+00
 3.670336e+03	 2.869514e+00	 1.969806e+00
 3.771122e+03	 2.805974e+00	 1.926107e+00
 3.874675e+03	 2.743740e+00	 1.883307e+00
 3.981072e+03	 2.682788e+00	 1.841392e+00
 4.090390e+03	 2.623096e+00	 1.800346e+00
 4.202710e+03	 2.564641e+00	 1.760153e+00
 4.318114e+03	 2.507403e+00	 1.720798e+00
 4.436687e+03	 2.451359e+00	 1.682267e+00
 4.558516e+03	 2.396487e+00	 1.644544e+00
 4.683691e+03	 2.342766e+00	 1.607614e+00
 4.812303e+03	 2.290176e+00	 1.571464e+00
 4.944446e+03	 2.238695e+00	 1.536078e+00
 5.080218e+03	 2.188303e+00	 1.501443e+00
 5.219718e+03	 2.138980e+00	 1.467544e+00
 5.363049e+03	 2.090706e+00	 1.434368e+00
 5.510316e+03	 2.043460e+00	 1.401901e+00
 5.661626e+03	 1.997223e+00	 1.370129e+00
 5.817091e+03	 1.951977e+00	 1.339039e+00
 5.976826e+03	 1.907702e+00	 1.308619e+00
 6.140946e+03	 1.864379e+00	 1.278855e+00
 6.309573e+03	 1.821991e+00	 1.249734e+00
 6.482831e+03	 1.780518e+00	 1.221244e+00
 6.660846e+03	 1.739943e+00	 1.193373e+00
 6.843750e+03	 1.700249e+00	 1.166108e+00
 7.031676e+03	 1.661418e+00	 1.139438e+00
 7.224762e+03	 1.623433e+00	 1.113350e+00
 7.423150e+03	 1.586277e+00	 1.087832e+00
 7.626986e+03	 1.549933e+00	 1.062875e+00
 7.836419e+03	 1.514386e+00	 1.038465e+00
 8.051603e+03	 1.479619e+00	 1.014593e+00
 8.272696e+03	 1.445617e+00	 9.912467e-01
 8.499860e+03	 1.412363e+00	 9.684161e-01
 8.733262e+03	 1.379844e+00	 9.460906e-01
 8.973072e+03	 1.348043e+00	 9.242597e-01
 9.219468e+03	 1.316947e+00	 9.029133e-01
 9.472630e+03	 1.286540e+00	 8.820415e-01
 9.732744e+03	 1.256809e+00	 8.616342e-01
 1.000000e+04	 1.227739e+00	 8.416821e-01
